it
378064
4922
319
61537
74725
112200
326285
10185
10972
10128
18405
188222
82
296524
5176
297761
11185
5236
156022
14208
10428
8374
153158
10589
10360
169813
5236
178
1988
16969
11853
11028
48946
39514
331583
10734
14370
297222
37735
23629
301728
316023
169
257445
404733
274870
10589
81
276907
574
1892
9469
245891
609
601
138843
264644
923
8871
11712
12775
57276
83542
19
8488
186
68734
160588
382591
337844
20766
9802
188927
13930
296099
78
510
283591
37495
14636
136799
363676
38303
282035
34388
375794
11324
326285
404733
7870
387426
11566
22164
13054
376581
8012
26390
393457
1645
23048
617
816
294652
217923
75674
332340
175291
16759
13475
2907
25239
342473
11296
805
8871
23939
13564
9023
74997
9358
9358
10320
265189
18032
11775
1631
1368
1495
876
76341
2069
2069
76757
277217
9928
88042
98548
10539
300153
792
594
36465
244267
