28978
282297
8073
31056
10322
331214
191720
307
10949
94047
8094
20875
248
159824
3049
228970
16136
676
1832
3525
112949
48492
707
41154
6557
77883
9092
50619
12500
31329
41439
43938
27786
32872
11675
9273
160704
1931
14215
11465
17264
12764
77883
11361
9767
229138
98339
18509
29291
28635
298032
28520
44593
9825
28170
53010
71282
16380
16082
14449
39845
37924
28296
43656
18095
21799
209406
12118
77197
11889
14317
193687
8954
9793
58235
149
17710
17043
321160
204349
97795
207774
88318
13154
408439
44833
184314
2610
33623
214210
20853
25462
37626
12660
60170
50363
10744
18644
10779
261392
14882
105077
16137
14583
265189
120143
35712
10868
34813
275060
49706
49706
252178
249397
76122
10110
15143
85739
54164
23728
11291
178682
251519
37206
247218
265189
11291
374416
43865
10849
377154
10141
24650
20246
284470
20391
22244
11198
16358
60895
60895
18983
11371
424600
9982
11422
78215
26866
388399
227262
20379
6341
8288
2039
179144
18983
21042
1439
251519
35371
18887
14241
19933
17590
18887
30163
13368
8838
382322
10247
42700
42090
75258
22832
13757
13372
329263
3036
10836
9964
16378
13279
22010
78215
12502
2454
87440
11229
11229
68730
50837
38517
27526
206487
70667
21035
39514
20391
44048
9445
8584
10957
341006
5237
256476
34813
296313
27814
27814
4912
30163
347031
225728
279641
426272
376424
35188
347881
9548
30250
12404
51985
30793
105875
60555
42889
105875
245916
34038
18767
12720
378018
13196
11895
11074
157834
164331
183662
5765
16617
267999
39100
5765
44629
12663
21366
8447
9967
86240
12568
48748
14432
5765
4953
11973
43935
36691
428687
68430
27064
42688
156711
348537
9396
47359
86240
31473
27376
403605
12568
74998
119360
31642
39074
24619
17591
67342
10525
42002
74406
1770
279096
432789
432789
18203
432789
432789
73262
38778
45156
156711
27429
30250
68430
21755
11694
11694
25624
4958
10354
242022
10612
11209
361745
10612
18203
4204
56909
38718
32195
32195
32042
70954
35052
358881
8489
16378
11548
22627
187541
22627
301272
87440
11824
9715
19959
248611
32450
16351
192040
382509
15397
10805
1931
14536
241254
300803
26271
328425
319998
10035
12521
6641
10410
5651
38541
7916
78133
26550
213927
29270
335970
31618
298032
1893
11243
213681
26044
31385
26956
38410
85
158752
10759
24150
12596
20978
15788
45269
11017
99223
11583
265016
29143
179053
303
842
4546
77016
26271
19017
359746
9651
9842
14576
44564
24086
5871
1996
20416
39285
356305
11086
230266
209112
1537
110160
14028
66599
359746
80919
80919
75629
243684
7211
24016
22999
168138
323262
13536
169758
28324
13092
323660
14695
49792
47837
22059
135579
68924
85446
17108
127884
337154
10873
440249
312827
25501
333596
16976
18670
18926
1544
6145
329833
10116
321594
11217
26280
10466
14605
451
340666
28696
201085
13243
56589
29427
79120
317442
7211
172226
10596
12117
12615
15697
10596
9503
9739
255709
10236
9993
9502
392788
78478
53217
218
121873
26505
33365
11330
22821
390669
38602
18417
250657
374430
13551
9060
14212
21778
31644
286971
41496
47945
745
37997
984
234200
59722
319373
308361
9927
26719
39435
871
116979
10440
82474
57361
82881
258
17814
14444
82529
152780
4984
15531
15531
42264
11659
11909
13318
299939
11194
7972
22649
13936
7972
19053
13510
399612
65218
408024
21452
124071
31032
11911
43641
44708
290098
8293
40085
9993
912
306650
82825
26352
77950
73211
86593
39341
912
10200
18901
11228
72477
20178
17443
11842
14726
19053
316268
38579
858
7553
13958
49517
27759
24020
10312
9812
39106
403434
172391
4883
11896
6643
60695
626
25541
75720
259611
5205
335778
25562
14943
362057
14645
19592
25556
377276
8374
22059
22051
30874
25624
4369
10514
866
1598
277967
24798
31656
198184
17166
32636
7509
79699
19114
149763
9867
3011
29973
18585
13785
13817
100529
83090
50590
10448
100529
100529
22855
22175
355111
13942
27420
52077
9290
36912
102784
31325
30547
44297
11620
50674
114958
44297
17466
18781
97630
435366
9273
76696
14905
13888
167581
34067
43938
11938
32872
16175
27813
9325
111440
15713
294308
7305
27813
3513
10874
278236
13461
39285
10692
192102
61667
305642
82424
268321
25504
23847
6933
366924
53182
22682
16
421281
10808
15677
1622
20859
245685
9272
3767
395
424998
25001
377462
25466
9676
16888
8665
1279
58043
11282
31359
172897
321741
16154
11878
14207
103689
12146
9557
376233
5916
36897
328252
159824
49521
42571
337674
122857
26555
327
339148
103328
80384
946
33809
29483
248574
103332
282376
10549
367999
19457
9040
16300
307103
9040
49444
90125
20942
29918
42941
9594
433
18722
112090
64328
21915
433
403429
829
268321
2363
11329
430988
14726
15263
222911
12498
19489
1621
300601
300601
84577
84577
393764
393764
2022
2022
41769
69225
131673
69225
316715
258099
8983
11001
49299
10029
12228
2089
20766
30588
27117
3023
15660
4728
291151
24124
10192
1023
9294
353378
10056
1050
76543
417678
18722
10247
11006
301
13199
9636
18359
40577
319076
214075
29259
21373
1413
2588
22293
11329
250124
53487
40751
9568
5825
328720
127560
154073
10652
1781
343284
97690
112090
17473
212756
18500
41759
64158
204765
10192
204765
89708
158483
9801
39413
9316
18424
5558
17774
19026
17660
16205
191824
9299
256476
83900
800
18570
60695
26255
10220
21765
19123
102001
352695
13958
246127
398535
65215
9618
19405
67911
26018
50318
4710
16551
302156
262841
3109
26203
30346
297239
158916
241239
13515
149085
135718
13515
50135
338387
287587
7303
32173
4823
135718
73562
27902
11240
