374473
169813
84383
11886
44115
270946
956
250538
77174
12783
1583
1598
291870
8643
11186
147441
3050
27
193893
30596
324670
7520
1934
185
25752
227973
13067
48988
265016
293452
14728
11451
31880
12577
152790
43919
15969
110552
763
30596
30596
12609
15070
9341
20348
14462
82684
10562
340837
30787
10847
9519
17175
11983
505
265208
8987
20694
44113
2565
74725
11541
9981
47359
16634
2151
8849
11543
37169
1247
4244
24100
12239
397243
10276
260312
105526
45964
24580
23939
11954
3036
12530
58151
49012
30141
36763
675
13391
1722
270774
48988
241259
9946
51876
283322
35080
121
1688
6972
258230
5125
27088
6557
902
42297
87421
417870
12145
696
41233
14543
109428
339846
10178
819
1688
22105
16335
10483
10349
83186
1642
9464
9438
12403
191502
50544
1656
31203
957
12709
20352
8392
34653
5289
1903
292280
11917
324542
58985
15357
204435
47933
411009
106021
356305
36648
2668
82650
9281
26103
440597
29235
14397
291869
9957
318846
10303
10010
544
15457
19185
57201
30432
26748
10196
15244
36040
22538
36950
15602
5820
1976
509
10720
709
623
157849
14306
234212
14611
9323
346672
161143
10186
239
58224
647
302946
9769
197796
26264
444902
70670
28211
13823
1370
24124
2048
1618
9305
157834
9095
295693
10395
12590
121856
1635
63207
324668
4961
296360
207703
10603
109491
289222
18387
283995
1417
8193
