-61.3002 -65.4359
-6.86137 -92.6395
60.3136 -19.2921
28.379 -75.6562
39.0307 -50.2439
-86.3226 54.4377
-24.1561 113.569
-105.516 -54.8496
-16.8528 -47.7757
145.831 -23.1455
-5.90784 34.5466
129.982 -100.137
-60.899 -57.5098
123.469 -4.43164
-137.466 15.1987
51.4379 -57.6118
-38.6698 -88.2903
-52.8109 -110.559
-11.6568 -75.7071
96.1073 -48.1913
42.5275 -127.08
-98.8968 67.4808
-18.2764 -0.232141
-120.354 -63.2011
148.855 96.2349
7.99587 -64.3068
-129.152 -85.8582
54.7047 64.7362
109.619 -66.5016
-125.802 -78.6667
45.2747 -50.4799
-11.8006 -114.181
-54.3287 145.591
-145.851 -50.2291
99.467 123.147
-115.084 -48.793
90.1482 -114.512
81.6979 9.52801
76.0614 80.8009
-56.013 -139.49
56.6115 -74.1811
130.975 145.211
136.589 0.00637322
56.3858 -87.874
53.3917 54.5702
-22.8872 123.79
77.5008 -60.0145
-124.39 -74.604
-7.45567 -90.1887
-15.2537 121.396
-58.3116 -104.351
75.8016 13.3944
-125.992 -9.61935
52.7249 -116.348
45.0152 -54.8141
-19.5559 -75.7907
-123.551 -108.856
140.589 -42.054
29.8409 148.095
57.9741 -14.2253
45.4471 7.47621
0.508874 131.499
-12.1812 17.3248
122.067 27.6282
-48.5208 87.5411
15.5135 -121.942
-126.115 -81.926
101.845 18.0524
-19.4487 -58.0301
-9.85007 -41.8649
-147.4 -32.4383
95.7487 149.043
68.8469 -141.732
-43.1367 118.535
71.9362 139.361
113.971 19.919
52.9237 -58.0922
-95.8843 -52.2831
77.5498 -125.056
-121.746 48.609
63.2208 97.4939
59.9382 92.4426
-38.2009 -63.8825
-78.2128 83.1945
19.0434 127.106
102.327 -139.567
33.6817 68.3365
-58.484 12.7625
111.108 -51.6106
87.2626 -84.3384
53.8648 9.46634
115.724 -139.251
49.8874 -4.91568
7.80418 96.7949
-47.4508 47.3156
128.8 37.9423
75.3092 -77.0183
8.31655 -45.2885
44.7729 2.06247
7.56143 -140.069
-61.8947 65.9885
84.4469 -129.019
-55.2376 -62.7896
0.807214 -128.944
147.603 100.544
56.7849 -73.6142
-144.218 105.665
-84.3719 -53.0927
117.179 111.47
-49.2505 -110.917
-11.7301 -147.166
144.023 -115.523
-69.7426 -118.117
13.2149 -73.4609
54.2702 -87.5691
67.1699 45.8756
138.409 11.9264
91.9384 -111.459
-100.212 135.28
26.652 113.437
116.63 -84.5831
100.853 113.5
126.496 84.1583
-148.631 41.7226
35.402 90.5908
-44.958 -85.7247
104.641 -23.9084
128.063 49.8268
143.768 55.8519
-130.239 142.449
-69.1981 89.3761
-145.599 104.351
149.329 10.8726
-29.1089 42.4176
129.649 -21.0391
-69.4547 52.5469
76.3419 -62.1951
62.9522 89.2959
-65.6902 85.216
-143.649 74.1426
-8.93054 -45.4444
85.5177 125.071
-27.8973 77.235
129.437 -131.301
-58.2439 -4.74294
74.4476 101.455
-133.662 36.9418
-110.366 -147.374
60.3659 93.4437
115.346 52.6694
55.2031 1.81841
-100.688 40.4993
-26.6451 76.0813
126.118 46.0227
70.3527 -141.727
-31.7903 -39.307
-41.0124 56.8998
-96.868 128.727
129.747 15.5519
-126.726 55.0253
35.2818 21.9097
-147.408 4.46903
67.6634 142.891
-63.4226 -23.8151
-69.7895 118.389
19.8041 -40.4977
-85.5352 -109.414
15.0696 -119.295
-74.8997 74.409
9.26393 -117.232
-19.8808 -34.3569
60.0551 -62.6295
-107.563 5.80537
-109.113 -87.1911
-126.678 102.053
77.6862 63.3779
5.33558 9.13023
140.827 68.8375
-140.775 -3.92319
-24.4369 59.1308
15.3903 -90.0221
-72.2378 -103.625
-98.2392 -51.9245
17.176 66.1542
119.582 -134.25
29.6482 -74.1792
130.235 -139.718
41.5166 143.466
-100.066 -34.9527
-14.0235 -104.763
-22.1998 72.7142
-43.9603 122.096
-64.412 -136.654
-13.7639 100.386
122.638 -19.2218
63.5156 -63.8756
-124.1 69.003
-126.715 25.7829
-114.973 120.939
75.3006 123.265
-56.3113 146.479
-4.64841 90.9515
80.5715 20.0951
148.051 -78.1691
122.385 -98.6583
76.9348 138.754
-131.302 52.0129
-108.608 -59.7792
-13.0662 136.527
-96.507 -59.1248
-62.8788 139.773
-10.072 -23.3738
111.271 -10.3324
42.6674 -80.0073
11.1516 -70.1503
-14.848 -26.4832
-18.7057 138.913
-146.275 93.8874
69.1641 46.5812
111.28 -100.647
100.199 5.28801
47.1113 -111.949
34.839 108.93
-19.8125 -24.1223
-74.6797 57.1993
-126.115 36.5418
66.0931 -4.8192
-86.8884 73.84
-62.3026 57.4729
-101.169 126.752
92.1207 -133.06
112.897 2.43964
5.72602 102.018
145.416 -144.216
-143.803 -69.771
-52.9734 -146.169
61.7173 126.01
-28.7066 -120.868
42.5689 -87.7245
110.138 103.313
-47.9022 -24.3845
97.6737 -124.049
-86.2373 -41.7084
-141.799 -111.008
51.0938 71.6093
-59.1563 64.2538
90.7073 -33.8681
39.2337 101.296
-70.9256 -37.1741
4.85389 43.563
26.498 -145.875
30.7912 -34.2846
-148.904 139.687
-142.004 95.4322
-97.6954 -91.4294
-36.9261 112.567
52.8086 -59.4903
70.204 -70.5734
-19.1542 -5.63842
-87.9472 117.831
128.588 -132.973
112.161 61.8188
-69.6648 -120.909
-134.875 69.6981
-18.5028 -118.986
-17.4999 -69.0954
70.2776 -138.777
-42.8151 -9.80828
-16.2482 -62.5824
-21.6482 -20.9872
-84.0318 53.1816
-81.5823 5.01187
-30.6108 -7.77297
46.7102 97.6131
146.74 68.4391
4.71088 -102.113
42.688 16.1268
44.8785 -96.2923
40.6979 -33.9543
73.3232 89.812
33.5564 -106.109
-69.6698 6.18191
-70.5338 -14.8349
17.6191 105.549
-50.6588 0.680668
127.884 -97.6129
-88.9825 -29.1723
14.6884 23.3677
-52.7148 86.837
-82.678 74.5523
-14.6826 -93.8649
-8.69804 -122.709
112.397 121.922
-107.699 -6.77693
27.7171 -22.6832
139.594 41.3941
122.573 130.456
-114.84 -60.3945
108.434 -77.6138
-128.023 53.89
-8.82729 -101.883
-85.3475 33.7139
47.4318 -78.2408
-28.7439 18.9595
21.4875 1.48052
-108.848 50.4972
-27.2146 58.3719
16.8524 -43.3268
82.1819 -55.4479
51.9494 88.4415
13.9381 117.147
-25.3664 -140.235
128.341 -65.9445
-0.241933 5.37143
126.34 38.9359
146.293 102.753
130.449 -122.406
-106.552 -80.2537
39.2709 -139.631
-38.5406 -132.928
-33.3916 -7.50706
35.379 114.412
-46.128 65.3308
-98.5554 -131.298
93.3339 63.608
-16.1749 -67.4383
78.8211 -53.9455
126.206 -138.304
70.1583 -19.7132
37.6201 -46.7898
-106.589 70.0208
-89.6 -114.778
52.3034 9.20369
44.3388 -131.758
-111.146 -18.1834
122.346 -127.631
-78.5999 128.36
-79.0752 57.8136
-35.6617 -67.2601
148.442 -41.0385
-127.494 -35.0936
92.1398 136.85
-67.2705 124.3
-122.046 -100.485
39.0259 95.7051
46.1966 111.68
41.0051 -47.0466
-89.5285 -30.6268
-118.57 -123.309
-146.84 61.1966
-19.4857 119.728
-104.546 -118.166
54.0675 117.033
140.317 -131.76
139.054 45.4512
-120.238 -88.0556
123.43 -120.939
-105.473 132.415
-61.9259 118.516
-64.7169 -125.537
-132.147 130.273
112.84 3.62888
50.5712 57.8582
134.749 -61.3854
-146.21 26.7293
128.203 -107.987
-46.1689 -103.424
137.442 102.429
-69.2433 37.752
10.4998 -128.128
-83.1847 -131.629
84.3166 -13.6033
76.5994 -53.9545
102.391 -93.5377
52.5899 48.5752
79.7632 141.312
70.663 -95.1699
-21.4429 142.619
78.2815 -118.671
-72.9177 -86.9767
52.9519 -28.6436
-39.6983 68.2861
114.394 140.247
-124.413 39.0218
47.4565 -102.34
115.485 -33.9349
-146.339 -50.2654
13.3109 113.754
-34.3936 -70.2018
82.1908 -74.0402
5.15772 -90.0077
-71.9225 -91.4077
72.8337 -49.7513
56.6517 -149.456
78.062 128.281
-105.402 16.5466
-100.723 31.7652
-130.383 78.9301
131.741 21.5696
117.146 -7.62477
58.4247 83.7751
-149.696 137.973
28.6705 73.4701
98.0887 68.7326
60.1279 23.127
-42.8643 -102.714
-56.6892 -83.1417
-20.0472 -29.8487
59.2137 -49.4275
143.981 88.1853
53.7678 -71.1329
-27.7117 -68.9206
-115.725 -44.8896
122.926 -146.036
146.796 -10.8742
36.4318 0.163286
119.58 16.2928
-62.1743 -56.3582
32.9069 -64.9646
95.4896 61.9818
-98.0162 -131.536
-25.6754 -42.1995
17.1838 48.5437
-84.5404 -45.1926
-142.693 -106.913
18.5674 142.446
76.005 -85.1706
-93.0344 114.76
-117.715 62.7922
51.0004 45.282
-38.1513 74.9115
41.0446 -62.7772
-55.8504 -146.248
107.136 62.3777
72.4945 -19.5576
92.306 107.524
-6.91074 98.5474
82.0455 -143.053
-123.926 26.1041
-105.849 36.774
115.041 42.9795
-44.7487 -20.7379
73.1993 -105.688
119.311 -80.3891
-27.3787 5.73246
-5.69729 -145.553
-66.7953 51.7591
-109.279 -7.72749
58.3069 -84.4501
-114.925 -39.3537
69.4197 80.6288
115.504 -138.478
100.281 49.8473
-17.0359 52.5528
106.942 -87.3895
-134.794 53.7389
110.533 -12.5922
-68.8768 -60.827
-141.687 48.3495
19.4411 48.2336
-107.805 -31.7282
37.4276 93.3783
-76.1417 -42.8342
23.5189 -37.649
-38.8279 -94.3441
86.3664 16.8875
-14.6721 -36.4838
-124.8 57.0083
-104.56 87.9665
129.453 -113.386
23.0466 -2.4902
84.0034 59.9514
-68.1055 -64.6853
59.5572 -91.4453
119.205 142.12
-90.6112 -35.9242
-55.3806 64.9079
-53.6917 0.887418
-112.876 60.0522
-58.5854 75.6598
144.113 -23.9094
-3.85946 -34.8361
-31.7651 -47.7074
6.60562 -39.3569
139.656 17.0164
-28.8467 100.049
6.26526 -138.203
66.0289 -126.033
25.0623 -65.4398
127.935 -148.126
56.9498 77.103
-72.9778 -33.8708
-38.6878 -139.664
-20.2604 81.2258
-109.756 -81.2835
-61.3914 56.111
34.7862 -26.2161
-44.5558 59.5332
66.9358 0.179887
129.069 -22.1367
59.9561 -83.1791
-38.0272 13.7817
-11.6749 -129.38
-43.2301 -66.3501
-46.5945 118.028
-58.9164 127.505
-37.2626 42.5594
-98.7458 -109.406
144.914 127.84
-136.908 69.4959
95.7378 -68.1216
28.4105 96.2315
-1.79048 -107.795
-77.9798 138.279
23.3085 -22.1259
-106.756 92.045
-40.4194 -137.647
100.48 -19.0545
54.9547 -2.23374
23.1803 -87.7348
16.9792 -100.114
34.5191 -52.3766
29.4531 73.8515
140.643 23.9345
119.499 -45.1206
-53.5332 -30.9536
64.2127 137.506
123.234 -130.216
-37.5092 -130.875
-101.773 140.978
64.9362 -38.4566
25.2324 52.3791
-46.7459 114.645
16.3942 -73.7876
145.008 142.148
86.9638 -82.5166
-81.3771 144.024
-96.0536 53.5829
-58.8592 21.24
-94.0013 -93.1944
-104.63 68.4381
-136.394 106.182
-66.9213 -126.308
62.2568 74.1841
7.39355 74.0451
-92.401 -105.982
-106.753 -11.4551
-128.75 -107.831
122.761 -89.2729
129.368 -34.0703
-56.5312 124.409
3.99269 -79.0632
-127.555 61.7014
91.3281 -89.8379
50.821 -26.7635
30.6667 139.81
-92.4549 -53.6089
-18.6782 -3.73161
121.891 -60.3527
86.9418 -57.2567
-106.152 -111.138
23.8535 -104.986
146.297 -89.5437
-90.1527 -147.344
-26.5598 -82.3437
-108.9 -108.471
-89.2631 6.66549
4.92601 -135.524
2.20807 -103.009
-147.842 131.991
29.5499 -123.337
49.8358 -99.6766
-59.0177 -7.1773
-129.574 123.996
33.9294 -105.401
-51.7888 -54.5924
94.3554 -146.587
-7.01379 80.6553
-34.2158 -146.649
-110.238 -80.7993
-85.3697 -128.961
-27.6069 63.1398
99.2709 -18.0157
-86.8375 112.246
-62.4093 -70.1955
-45.5147 -59.2428
43.8687 -130.79
47.5386 138.938
126.159 47.7269
-124.794 108.916
-139.844 -72.4119
-19.6544 20.0503
49.4921 -2.71037
-64.4144 -119.578
-19.4723 -82.6659
-16.1655 -8.24093
-47.9906 76.6901
-136.813 -11.0075
141.03 -123.855
-103.858 14.7695
-32.8921 44.8065
-112.163 123.304
-14.3054 -96.4509
-96.5169 -35.3017
-86.5767 -95.7376
-30.2818 113.427
134.628 103.086
89.9846 21.4517
35.8535 -99.6529
22.6555 60.121
116.595 -85.1115
-38.9606 -21.2511
141.296 95.3332
116.499 -30.2563
-56.5357 114.397
-132.646 -130.78
-47.0923 -22.6777
-132.302 148.056
13.5754 -3.73175
-141.982 -11.9844
45.3779 0.411194
-98.8534 -86.6037
114.931 -1.50704
-138.684 -113.728
27.6706 54.7616
34.9668 -111.17
-76.2744 -29.3184
30.6234 -38.6083
-10.8885 -113.294
-120.756 -33.6477
-112.236 -54.2656
56.7249 136.553
51.8282 26.4824
68.0947 -77.2715
85.3219 -32.6089
85.9104 -88.7546
56.6418 56.6816
15.5939 73.6282
31.9407 -138.59
-19.3805 -131.58
71.7245 -122.11
-145.132 107.985
95.547 32.466
-2.29444 141.102
-127.681 0.691139
-138.625 -101.563
123.788 65.9996
73.073 38.1559
7.32109 100.892
-113.603 -111.025
-109.932 -84.4001
-141.962 -116.168
-10.1691 -102.084
28.1391 -102.543
121.7 -66.3567
113.782 -139.524
-102.678 -63.9277
70.8856 35.5172
-104.715 101.73
144.047 -85.7005
-108.459 -128.419
-59.6436 118.042
20.3916 -9.7334
-23.9304 -42.5867
-114.2 -138.664
90.4743 51.6926
-61.9172 -134.201
-55.0715 -149.914
-120.582 32.0137
-103.493 137.674
-132.195 2.36634
-111.278 25.9002
8.93865 -82.3627
109.008 -120.335
116.452 62.2422
120.094 70.0375
-139.704 12.6128
21.8644 104.111
-26.7155 -60.545
-87.746 -66.9508
-70.5612 142.698
-119.694 69.6433
119.258 -67.1606
-72.7119 125.202
-11.5736 -2.44022
46.9338 -14.3374
-129.409 -54.7155
109.73 -69.5958
-147.247 -66.6199
119.235 -72.3157
-137.273 139.433
146.238 70.42
-128.36 -36.5753
-29.7769 41.8866
6.31551 -137.334
117.121 75.7905
125.713 -79.8872
141.352 -77.7486
-50.2963 3.92911
-137.383 73.4676
-64.4715 67.3168
-51.8664 -52.8084
109.197 -127.712
7.53919 103.193
-30.7755 -76.7993
86.6014 -140.086
-88.5533 97.5308
116.891 110.548
140.236 17.0203
-66.1871 124.505
-52.2375 13.5071
128.01 -52.8522
115.556 0.999691
-7.58352 -10.283
-110.875 -61.9908
37.8598 59.0476
128.101 25.4234
26.1582 25.9393
26.0846 -144.459
-49.1397 -41.9022
-65.9512 -118.312
91.4023 -85.4172
-34.6329 85.2305
-148.63 -74.7383
-112.247 -98.5861
-86.8708 133.757
52.0622 -115.24
54.9757 89.6799
-104.755 -35.1823
15.041 -16.8071
-98.2402 -10.5339
108.293 91.3347
-81.3307 -30.4979
129.666 117.259
-55.0421 -12.7201
-58.5264 -135.948
38.3973 -43.3995
15.2359 -89.2119
124.423 -124.896
-76.1587 -107.276
-81.0748 28.053
147.727 77.9505
-92.1624 -85.6072
-24.6256 95.9865
81.6492 -30.8433
-111.47 8.23179
90.5617 -92.1342
103.353 -110.426
22.7446 131.102
-65.7732 18.9341
-126.896 -89.9264
-80.7092 -101.483
137.427 -122.956
30.1724 88.9666
27.7132 -34.0835
64.4724 -124.482
-64.6883 -22.9433
11.6999 -3.75683
97.5308 90.9648
115.645 -134.429
48.9522 -138.555
67.4556 60.5632
-128.202 -96.8143
32.9957 -35.6894
88.6004 80.5097
-73.0678 -90.9944
-37.0064 64.1987
27.3869 -110.056
-132.327 -137.369
-113.864 111.516
40.2403 -141.42
76.237 -103.154
37.9116 146.664
-136.455 -13.8723
-0.489013 15.1284
97.0977 55.4408
-121.505 -86.4554
-125.109 51.1637
-12.3113 68.9918
-64.9327 121.878
-48.4297 55.0447
107.609 -36.4661
-23.3014 78.3529
45.2049 132.569
0.345178 -132.384
94.4815 140.857
-27.869 -44.6522
-67.4691 -150
64.751 -138.659
122.442 -72.677
17.2953 106.016
19.6876 81.0397
22.4203 -87.0214
-113.267 -47.2693
34.0994 78.2374
-40.3461 24.6073
-20.4442 129.404
38.7026 48.2897
80.4623 149.847
89.5011 35.0558
-35.4843 -41.488
-3.4387 -2.09768
145.722 24.6255
55.441 -122.886
118.118 144.131
100.588 -125.392
-104.038 -38.9241
-134.891 -143.68
112.651 80.3878
72.3224 -0.13446
-103.274 -117.374
147.909 44.9456
76.7194 65.6874
110.897 -57.7909
-20.0146 142.418
-1.92288 -49.1232
-127.059 130.03
12.4374 -85.0734
-119.582 -132.965
7.74569 -25.9069
127.011 -77.7364
82.9152 83.3697
-113.759 38.1023
100.487 -0.193753
112.694 -79.3089
-20.0138 -80.3286
5.96593 18.6487
-70.3971 35.5292
128.909 94.9777
-10.2137 116.541
-24.3707 -3.27757
91.9463 110.301
-129.367 -21.9304
25.3755 -31.8806
68.239 -93.6464
63.7591 56.6519
-77.7226 116.903
-98.8414 -95.3126
37.9527 -89.0787
-96.1803 -55.3353
-27.7083 -26.6509
-81.7109 149.078
133.327 -36.1805
-52.0821 -79.3194
106.916 35.7032
-112.158 101.477
-6.15547 38.5203
-41.9346 28.3415
69.1869 23.7751
86.3263 112.351
120.392 119.682
4.24136 -17.9327
16.1371 -59.0202
8.27596 -23.0585
66.0691 113.631
98.0027 2.66133
-97.5791 -99.9605
116.702 -100.643
-135.564 89.0419
99.444 7.37178
-70.7026 123.159
105.917 18.5266
53.2052 74.611
27.1037 -32.4385
126.766 -42.0707
40.848 -22.1474
129.85 -2.11807
16.134 33.7753
30.163 -149.731
-13.1627 -136.713
-95.8537 -94.2802
-100.63 -66.2817
99.0786 39.3557
70.0584 117.701
-55.3021 -141.854
144.279 -96.7073
33.4263 75.7769
-45.1423 -87.3061
-91.6352 130.303
108.996 -106.722
27.9051 80.5478
-123.101 40.4302
-132.744 143.691
88.9753 72.9395
-112.826 -93.9816
40.1149 83.7724
11.5722 72.3272
-59.7324 -100.678
72.7015 -50.468
25.1433 85.2107
-69.9814 136.5
77.9211 105.227
-51.2481 129.666
-4.207 17.2625
63.7019 105.858
-65.4204 13.6074
-126.553 43.121
32.0541 23.366
-61.0289 -12.6768
-93.7632 -49.7713
-68.4438 -14.9949
-135.253 -66.9356
-55.0765 -5.1199
-119.496 -106.926
-46.6249 -41.74
-10.905 -97.1083
-32.3578 -2.25089
9.54111 122.216
43.0996 124.879
79.1558 55.0145
-130.859 -137.629
135.583 -12.2051
37.6744 -57.8824
64.7881 -94.7649
69.3888 103.649
-52.2017 -57.0705
127.462 46.0932
39.3432 -74.0381
-88.8299 -52.3035
-32.3541 -3.97686
5.75489 -144.061
-90.7415 10.1302
58.8223 147.294
-114.42 73.1006
110.944 -128.175
-44.2827 80.2242
-80.6338 103.654
63.8973 46.3955
-51.496 -16.3565
-95.6761 -13.2071
95.1793 -12.4031
-53.9356 -44.8462
117.091 -37.7608
42.7315 148.21
-17.9128 -102.973
-122.983 25.0631
-98.9755 20.8896
22.4905 55.4963
10.364 -39.0027
110.171 116.131
-136.36 89.3957
130.168 76.9798
-128.635 -76.0513
28.8136 -30.9979
-50.546 105.412
134.581 78.3366
121.779 -16.3113
-119.683 -48.9294
105.546 -75.1459
0.682157 12.7112
-45.542 -12.9307
-7.4805 123.782
-148.291 -106.511
-134.571 -70.6898
-77.1239 -95.5889
-64.5237 145.051
-138.397 79.5554
10.2113 -27.5674
134.845 40.2757
134.271 106.927
15.834 116.063
-9.58319 80.0646
-134.397 24.9494
-56.9558 105.17
147.681 137.181
-9.65409 104.43
56.153 -43.2126
-79.6649 119.296
-128.637 20.758
18.0654 -133.085
-111.67 22.0749
-56.9227 -83.2396
98.2061 -1.9374
-118.942 68.0666
-102.565 -125.078
-91.7484 -12.6819
4.06222 -21.8946
-41.8766 114.258
117.6 56.3674
91.2924 139.936
-52.4182 2.18714
99.9617 -148.724
109.411 32.9628
-24.5921 -106.298
80.8287 -71.2021
147.708 96.507
-113.117 95.3448
148.871 -49.096
56.1742 -51.2956
114.491 27.5052
132.703 -102.903
50.7971 -122.929
-12.0429 -74.7074
-111.617 -108.266
119.313 -76.2199
147.646 -102.314
-14.2994 -87.0116
33.1954 48.7781
67.2874 140.715
96.8486 -15.7947
-128.48 -101.235
-36.7047 70.6929
-137.733 14.8071
-80.69 -143.017
-81.506 48.9682
40.4601 -139.879
-128.319 6.77653
30.8294 -89.1174
-77.6242 126.503
-15.8536 -14.3619
-79.1996 10.1491
-86.0201 -94.8904
-114.284 101.994
-50.7169 -75.2893
91.5763 -25.1623
-112.115 77.0934
129.86 -133.219
-105.322 -23.0783
-95.1089 66.5703
-143.42 138.707
20.9147 -14.8588
-59.545 105.981
15.0964 -48.5206
-57.6338 76.4526
-98.98 -68.8424
36.7712 39.6156
-95.1071 -107.248
-35.3571 -122.031
-146.043 -36.2147
113.112 87.1659
75.8899 124.913
-135.497 92.4173
10.8129 89.1794
-129.106 126.751
-74.6922 -55.391
-50.1051 -8.88881
-5.87984 -16.7739
-148.431 -137.567
-109.031 -23.4591
123.037 104.138
7.45414 -119.265
30.2896 -144.974
-60.9457 82.217
-108.763 -144.822
136.05 -71.539
15.9738 64.6375
18.6464 -42.0808
-12.6464 109.702
-55.3833 139.155
113.318 64.8205
-123.31 49.4136
66.9926 74.8466
-37.2878 -91.9209
-69.8179 -64.1719
93.7629 -23.946
144.401 -137.617
-44.9787 116.947
25.8752 4.86783
-118.212 18.7646
-16.625 24.442
-87.2116 43.1249
5.17298 129.827
-103.969 26.8215
93.3592 -141.965
45.8753 142.171
-24.0199 143.605
-93.2315 2.95445
-95.8487 125.4
91.9323 -141.983
-123.827 -128.043
-46.8237 36.9677
81.0927 35.9391
12.8561 -34.3702
-99.5169 58.3685
62.0871 145.69
-46.0442 85.0493
-31.0792 138.696
-92.6441 17.219
146.564 -7.1473
28.9322 130.823
91.86 50.9605
73.7073 -57.9918
-96.3354 -100.816
15.0398 -103.616
-106.347 65.9526
-120.568 -118.034
13.6162 -8.76629
105.861 77.0601
-101.496 11.5749
-121.794 -27.4017
-75.2936 -17.3546
2.72432 -120.408
-119.477 -96.3037
-83.4597 -103.314
-43.8442 -74.3252
-63.4371 99.4893
-143.751 -89.3785
-33.4137 74.0948
-69.0745 -92.1055
41.4857 102.454
87.7476 -111.907
-29.1528 136.811
17.8765 -0.652977
100.03 -129.599
25.8779 97.1539
137.904 -124.68
-112.109 112.353
46.3863 87.9205
4.809 -70.6434
14.9475 98.3564
117.455 15.5151
17.0559 -49.086
-127.315 97.9942
64.7549 75.7948
-114.372 -31.349
144.755 81.9157
108.461 -32.288
115.245 53.3602
54.9409 39.802
-135.704 99.8722
-58.6283 -21.4659
-38.756 -147.024
93.7113 106.427
137.706 144.958
9.35239 2.43067
53.1102 22.2427
-116.178 -77.0024
141.963 -119.833
-58.6409 136.635
-77.3692 29.4991
39.599 -129.728
126.26 141.603
120.62 -121.293
104.584 -68.3789
-87.865 -99.706
-59.0035 -32.1305
134.282 68.14
77.3695 -94.8374
-61.0766 -104.432
-56.4654 -79.5792
-24.5678 76.6627
40.2745 33.9417
105.385 8.10208
-27.6284 15.6578
78.1489 139.261
-2.67827 114.142
-114.89 140.236
131.227 -111.666
65.1623 -98.5141
-109.472 9.7234
-56.7475 -91.8018
118.825 26.5935
-48.4606 -110.004
140.619 144.905
76.3087 -94.8469
-124.671 31.8526
-113.218 -7.60681
73.6774 -100.393
46.3077 -130.264
99.7334 -144.949
-142.271 -75.0409
-0.377128 -136.992
-50.0747 107.876
-34.5134 109.338
14.1561 61.0589
-145.701 140.137
-3.7185 114.651
-40.3289 113.253
105.869 105.255
-95.5243 -117.789
-49.5948 72.2554
96.0854 -72.4683
-93.8652 -25.5825
-25.6263 18.7224
23.2301 -92.7088
110.086 -138.92
-115.5 98.6158
122.275 118.176
61.1788 64.6913
72.8853 -104.661
146.951 -9.21624
45.4975 -121.621
-15.9249 -90.6616
-89.8699 -145.621
-149.76 -6.27534
-22.771 -103.495
61.4238 32.9381
28.3037 136.335
148.597 86.2542
137.452 106.074
147.989 -122.005
83.119 16.2874
64.4324 -50.7648
146.782 44.9397
-67.814 -135.12
-76.7421 -119.338
127.895 94.1037
2.21727 60.1002
-66.3385 -87.2516
-7.92194 -46.6053
-12.7943 -32.612
-25.5014 -121.363
123.516 53.6455
-14.5468 -60.4558
50.2834 -115.899
24.8891 6.21614
63.9548 -66.604
-126.042 -97.5892
-96.6734 60.7803
85.7915 44.5772
-107.609 -43.0635
19.9592 -71.1017
-17.3382 145.488
-10.7232 -122.369
102.861 95.4589
15.7368 21.3644
62.8201 -27.1135
14.7287 48.0779
-47.4581 88.0445
10.6101 33.7643
-22.7515 46.4278
-53.9168 -70.313
-19.1416 -40.9575
-62.5398 -36.9258
-144.7 -112.995
-76.7433 1.07333
-123.435 -95.4967
-12.5402 -54.4726
41.4422 -18.6019
-72.8536 54.0189
-90.367 95.1432
-25.0866 108.05
-31.0259 31.2686
-116.566 2.4266
48.424 -131.917
16.0516 2.73682
-70.8019 110.172
129.621 32.5524
74.9172 -31.0877
-93.0492 26.7108
61.898 -78.3324
-119.066 -64.198
122.01 -29.5942
143.606 112.951
8.17764 -23.5239
-134.533 118.747
-51.6464 55.0672
27.3378 -23.939
-101.604 -26.2008
-36.0955 42.3172
-130.731 -42.576
78.3884 9.57724
-89.9857 56.9948
44.3712 35.131
-119.759 77.2989
-62.2593 23.0419
97.9026 -28.5917
-31.353 -100.012
66.3324 -63.1154
89.9117 -135.736
121.476 -1.5219
-74.8931 -64.5025
125.375 23.7309
-124.367 -124.839
-61.3425 -33.6628
47.3469 104.027
111.317 -129.809
126.627 1.18204
144.713 68.545
51.5096 -105.55
142.164 -123.564
-32.1219 120.937
54.1804 96.4263
5.1818 0.742819
-85.1118 -135.6
-147.58 6.61981
64.9103 -111.45
-75.2559 -61.1998
83.3696 -67.9659
111.45 101.85
146.526 3.34084
-34.0928 -4.4897
-40.1386 -64.443
66.4039 128.499
-72.3921 46.4873
-47.3755 58.6091
-141.723 -9.35978
62.1183 58.8313
-64.2488 -26.2989
-32.4823 61.7048
-138.188 -80.2352
81.981 -12.1782
73.2589 -34.8787
79.801 -116.567
2.70211 -68.874
85.4119 31.1123
-109.572 18.5217
34.7649 4.91076
-146.62 -30.3119
51.9334 57.4098
-149.824 -5.09549
47.4368 -77.635
8.4436 -86.351
-140.297 96.0541
11.5218 -93.6928
41.8916 -43.752
-4.53341 -115.986
-146.33 61.2869
49.9644 -57.974
-77.7551 -84.8801
-138.325 39.6534
-84.3532 -25.5693
-80.6614 49.568
-62.2797 -97.3851
33.3154 -22.0169
65.932 -5.53713
139.618 126.712
0.751827 -26.2457
126.509 -2.97712
-105.75 -84.0174
92.7761 -7.08809
73.2575 -66.0142
-56.6438 -128.725
133.991 51.3093
69.0854 -29.3227
-80.2614 61.7707
111.987 117.192
-18.2576 61.9179
-84.9761 80.7181
127.238 39.1474
140.121 -76.3942
-138.822 57.9975
-68.8655 60.1543
-101.356 -41.213
-64.0282 50.0154
-18.9599 141.925
-69.8939 82.1459
-12.3972 -117.012
-0.040662 66.6611
24.2282 -147.987
-122.98 -121.417
-24.8262 126.505
-92.5424 -13.2759
78.9048 120.137
-92.1118 13.5239
-54.8297 132.459
-121.403 -122.926
77.3229 74.2739
-93.2856 -89.0201
117.928 63.0937
49.9977 4.85349
-34.6396 76.9431
91.0336 12.9039
-101.934 -11.4789
-6.47298 -149.518
-5.38372 147.103
5.17242 -136.253
122.769 -59.3026
115.141 -88.3964
60.9532 -108.483
-55.2521 -88.0217
58.8402 -128.336
117.617 -95.3033
-57.6668 5.45
-32.0546 -2.88727
123.588 75.5351
-45.1411 3.54882
88.7431 139.728
-136.54 -102.195
-110.223 69.1652
62.6886 102.201
129.447 18.3024
-142.447 81.9733
92.1124 51.3854
-110.732 137.424
143.467 -119.531
48.6443 118.423
27.0971 -76.2114
-45.7508 -41.4737
-74.6835 31.3785
-65.806 50.7305
-54.7501 46.7527
21.9158 -45.5709
-136.638 129.125
-139.568 133.385
15.0808 6.39769
-64.0384 125.678
113.262 40.7102
-138.977 54.8309
-78.7501 -76.3046
22.5276 117.979
-11.5179 139.139
65.0741 135.725
27.7063 -55.1719
-14.2209 140.701
28.0506 13.2382
-91.5694 41.9659
38.7985 110.3
-93.7455 -21.4368
6.23841 46.7571
-53.1877 -94.5826
114.414 -148.291
-148.269 74.232
-45.3415 116.286
-126.098 -84.7713
69.339 -27.4313
-47.2809 -76.8298
79.0885 91.7924
38.4601 76.9963
71.1495 77.785
-139.355 -47.4485
-11.9903 90.806
-139.931 144.681
-133.398 43.3233
-107.94 49.3157
-93.1607 -112.543
101.667 93.9836
143.605 135.784
-49.0614 92.8443
-58.6774 -6.19111
-121.761 59.6859
127.978 129.477
50.9563 -46.9822
106.235 78.2285
88.7687 64.483
-138.103 -29.8834
55.2495 138.387
-63.1236 -121.192
20.4247 113.52
-57.6325 -24.6155
-36.1414 -23.9109
144.797 36.3555
-118.656 66.3207
-140.917 5.2849
106.01 -131.183
-140.945 -61.8746
57.018 89.3009
4.05946 -119.999
-54.4694 14.5605
-51.6214 -140.956
56.195 -16.4948
51.9623 105.005
-35.1052 4.98708
-44.949 59.2621
87.2324 -13.2896
38.355 -14.0779
-49.0943 -86.2246
-61.4993 108.254
91.9874 -129.569
-14.6067 104.734
-133.481 -83.6766
45.8858 -73.9446
-101.013 -147.722
29.8673 -129.05
-17.9815 95.8767
-116.945 -95.6485
60.748 -110.425
105.218 -57.177
33.8217 -30.8113
-135.283 61.6877
17.0962 -119.994
58.1289 -94.9823
-69.7354 62.5178
-51.1902 14.0301
5.20628 142.173
133.731 43.5856
-62.117 -129.019
97.6084 -117.956
-38.5185 -72.5756
-42.7267 45.9958
88.5861 2.12823
-98.9452 -99.2153
102.91 122.186
-144.507 38.0743
75.5829 -9.23292
142.191 -36.856
-111.963 -135.563
36.5414 -130.431
-118.226 -99.3736
11.0725 137.822
-6.26722 -46.0715
-104.686 -18.4596
-31.7314 104.485
57.8384 -3.8604
14.1882 -91.4793
-13.0606 145.55
32.4403 12.188
-147.992 -64.629
69.8485 -13.8817
-134.166 9.84556
8.44757 -132.939
83.4287 -147.939
84.1175 -71.5871
66.1958 76.1302
56.4043 23.6132
-116.207 33.9039
97.3489 17.0015
-45.9439 -37.1183
108.773 -41.3006
-60.5479 58.8637
-6.4981 4.79613
-43.7053 98.188
-72.3444 -122.337
144.352 86.4765
116.403 144.576
32.7119 53.3314
41.4707 23.5445
119.977 45.276
-134.299 -104.503
-8.92922 -116.435
-133.724 15.2545
-114.902 37.9896
-139.732 109.672
-34.5194 111.076
52.6856 53.6563
-58.5294 31.8103
-100.037 80.8612
-3.89608 145.366
-40.6528 -102.122
49.4799 -38.5252
67.7689 2.8683
-6.87966 130.727
-140.311 -70.0074
24.3341 -148.496
-42.866 -4.02168
77.9571 58.1491
-9.514 103.866
118.58 -89.3102
-26.4422 -145.159
-112.372 -18.6324
-101.878 125.061
69.7238 101.245
127.351 -146.875
139.636 120.98
89.546 115.275
82.9101 -77.4039
79.2154 97.2888
96.4096 80.9061
-15.5338 -35.2219
-25.4056 -31.3929
67.7885 -82.698
-126.885 138.22
-4.9836 -39.6118
-43.6669 116.615
19.3247 -140.308
-25.6851 113.491
-108.977 31.9905
24.1972 93.8018
-128.411 132.137
-147.024 -2.06372
-123.536 80.7264
-25.0919 -143.522
-98.528 -41.2754
-15.9614 -27.1621
3.34282 -45.6329
-142.066 13.4501
-89.7557 5.7354
122.568 -91.7062
66.418 88.2483
6.83796 -68.8483
43.626 -59.9985
80.0666 4.99992
111.169 -43.5418
32.2435 10.6776
11.9115 104.574
148.276 -31.2478
32.2663 -41.7479
46.1942 37.9807
26.1397 50.6916
141.322 -111.535
73.0446 -117.027
-57.9595 -12.1867
-119.417 44.3195
100.695 139.337
-141.297 11.0482
0.362266 13.8959
-83.9098 129.712
102.761 -94.5876
-37.8532 -51.3939
140.699 129.035
-144.928 99.9234
32.6314 -69.9474
125.465 107.678
131.176 -24.7414
-74.8069 -126.864
-136.159 -94.7651
-24.4388 -41.9098
-93.4246 -67.9313
38.2799 -82.8262
59.8315 48.5695
-17.7755 -143.106
-29.8731 -135.882
-23.0574 45.8687
75.5568 141.715
2.87587 67.302
-22.6259 -94.2656
-107.517 54.1202
-130.411 140.049
7.94054 -23.8203
74.8865 39.0204
55.0073 -49.7995
20.9197 9.78948
-55.0163 141.18
92.2037 69.4672
105.597 -72.047
-25.5728 79.3251
144.753 -144.856
-32.3684 111.782
-126.609 -96.5036
-136.633 149.713
115.107 93.8652
-95.2695 -75.3898
-54.9854 -51.348
95.0817 78.9991
34.7217 92.8347
68.1334 129.934
-27.0295 -77.1977
18.8371 -128.685
61.4828 -23.6067
27.4206 -146.353
-95.5966 -103.717
130.763 -98.5752
141.353 73.6824
120.768 -94.9378
84.1725 -0.287553
-78.5123 4.88184
-76.6373 -99.146
97.1304 109.236
-72.6549 36.226
7.37371 140.51
44.1484 -146.456
-47.4683 16.1831
-16.8404 -9.98054
-15.0755 -7.86483
-139.966 -64.4331
67.6984 -58.2657
-9.07442 -73.39
-8.3454 51.6097
58.3893 74.7031
57.6652 137.099
-36.6069 5.19054
5.7842 -82.2264
26.7714 -48.903
68.8591 121.033
-79.1227 -94.8372
53.6929 79.4993
78.4862 -91.1856
-104.728 130.056
-87.3106 127.784
8.72303 -3.83548
-66.367 17.988
-21.9143 -130.561
-97.7207 124.823
143.448 142.76
-99.1259 -34.1269
-134.932 76.4886
-107.856 -23.4863
-112.649 -85.3033
70.7675 -74.5855
-119.573 -65.5329
-40.8404 59.6324
-102.84 -13.107
126.517 117.474
82.6505 116.777
133.948 -9.2829
-141.487 101.026
71.3635 97.4249
-52.7517 114.245
-43.0482 53.3077
13.7406 -118.311
14.1584 16.4185
-142.047 -23.0866
129.911 -13.3411
-47.366 -142.383
-104.858 126.879
-4.02864 -131.031
130.862 132.983
-30.1653 97.2824
-36.0842 0.27346
16.2223 -73.0688
119.033 87.5704
4.1148 -53.6258
24.1248 -20.2135
142.377 -41.4048
95.4279 -79.6991
123.224 76.387
-138.395 136.822
-65.4621 94.3875
94.1942 -66.1822
101.51 131.954
-54.6532 85.8056
102.382 109.609
-116.555 -30.2355
-6.82615 102.227
-12.4487 73.1135
135.911 114.468
123.037 -75.112
84.2281 91.1857
24.8247 127.911
73.5159 24.1194
-105.866 -57.3415
16.5658 77.7316
-21.7944 143.97
117.291 -78.9025
-44.0089 -134.122
-48.9242 143.405
-75.1311 58.309
-59.0956 -99.0259
-32.5277 -143.205
-21.1959 4.40066
74.139 -135.003
105.421 76.4313
134.137 -50.0157
-139.967 60.5706
-33.6789 -134.949
121.561 87.7871
39.9814 -96.4092
34.1502 -59.4927
-68.3075 -147.496
137.593 -38.3925
-142.599 39.1835
-3.81842 130.825
38.6032 -34.4534
-143.677 125.561
-12.5745 -55.9854
-93.0908 -100.111
77.0907 -18.1775
26.6186 -115.755
59.4865 -106.619
32.7317 -113.402
-87.0837 -146.77
-122.288 80.7743
-138.868 136.296
88.5093 22.9336
-75.4124 -112.635
1.72508 133.309
25.1053 59.5179
-118.255 102.599
130.846 15.3668
140.906 6.36343
119.628 72.2017
107.47 36.0752
100.176 98.0934
1.21017 148.318
-65.6945 134.477
103.411 3.69842
50.1791 -61.063
59.0362 -80.6741
-81.423 -3.7206
-110.044 -66.1895
-35.3338 87.1384
89.5554 87.3106
131.209 76.5366
-31.2874 -12.1887
-89.2892 76.8329
-34.6216 35.9883
47.8819 42.7792
39.3198 -95.7904
65.4895 -119.432
-22.8028 -44.653
-66.1274 -30.7118
-112.712 -31.653
105.075 -48.6716
-117.643 103.711
-86.803 -91.3244
-40.0355 -43.877
149.466 -12.3385
-105.031 128.954
44.4137 67.9791
-118.935 -85.4842
137.746 95.2322
68.7887 -59.1583
-98.7218 48.9549
-26.4015 -135.365
-12.1436 -62.9823
144.39 -133.948
-22.7529 -67.997
-38.0993 -104.494
87.3189 -85.4991
6.33132 71.3028
-115.734 -23.67
86.4895 -36.7728
58.7748 66.7995
147.963 -133.744
-50.9282 -84.0691
135.252 20.7436
-137.551 -87.5573
130.995 80.7102
91.5309 92.6308
45.9905 -140.414
-9.28485 -123.763
-117.708 -129.612
-145.908 -44.5944
108.565 55.6569
-135.379 140.524
60.3755 -14.5318
83.5026 78.5447
19.2931 15.4882
53.5491 110.712
58.769 135.096
-37.2612 -72.7897
-4.71232 108.245
-45.9289 28.7454
14.1685 97.5195
-68.2379 136.604
-79.5001 17.5714
-44.5317 35.2832
-113.915 12.189
111.417 12.4319
-58.7527 -97.1407
16.454 -1.40434
-36.6869 -115.666
-9.47337 49.7483
25.8069 -4.81136
41.4854 65.0782
-47.6124 146.425
50.0877 20.0246
114.29 -149.775
40.2589 26.3779
13.7624 -21.6797
-146.144 18.9508
-45.5701 -136.876
-128.827 -66.9509
109.365 -8.84666
9.57852 146.608
-97.5955 -107.568
-62.552 -126.86
53.2871 133.206
-78.6537 -6.242
147.62 -55.8858
-115.89 -11.4417
-137.416 136.258
-58.7709 94.1193
92.178 132.506
4.02434 -84.7714
-27.8022 -119.701
90.7081 -70.5052
145.916 141.183
48.7416 54.5502
78.4534 136.143
-92.4754 -31.4829
-73.3851 -143.974
128.259 -4.45992
24.9478 -39.6453
-32.612 137.992
-81.6727 54.7774
52.6095 -5.01442
-26.1604 -69.581
-14.3626 110.504
-76.2752 -137.266
55.9264 55.914
-63.1108 -146.511
53.6805 -67.591
142.672 -134.919
-28.6072 11.6264
86.7959 88.4765
-14.9945 79.9887
-23.8777 117.145
111.352 27.823
-67.4751 -90.7711
103.847 -21.7801
81.8603 99.0913
-23.0297 56.3328
-132.929 -134.498
19.5269 41.1601
26.978 97.9708
-108.593 -148.057
-120.642 -146.476
3.51621 -97.827
-97.6611 -114.437
-22.4623 -40.0855
58.4969 -42.6843
80.1521 47.6813
-104.468 -75.3878
98.4006 -54.2645
23.3828 -139.947
29.7579 69.3544
-81.4869 -69.7794
45.9794 25.4594
-5.71489 -17.244
-84.3091 -140.938
-46.3338 115.219
1.97437 -34.1711
56.6362 -132.513
57.6558 -110.134
102.25 144.083
-113.938 -108.672
-135.878 -93.676
-55.4815 -42.9967
40.9621 -68.3254
23.5078 60.6074
89.7556 -77.6036
-70.5746 -14.539
-136.187 42.47
50.5149 75.5445
3.19098 69.1764
44.289 104.688
-106.65 -7.90032
30.6734 -97.413
-12.9599 -141.799
114.419 -23.3776
108.798 -26.9401
-8.14677 -103.858
-31.0544 -49.3079
-102.501 139.028
46.2008 84.4385
-136.29 -9.07357
-75.4181 42.0837
102.873 99.0787
-110.909 -88.1387
-67.2765 128.385
-125.869 -56.2932
-11.4404 -76.8687
107.412 23.1342
-101.644 -57.2209
-104.413 -150
-112.231 -128.99
-74.7951 -63.7876
45.7216 -147.514
-143.025 -126.544
34.1836 -129.69
-58.9155 21.3218
-100.129 -117.475
46.116 2.0777
116.731 -53.4941
-65.1145 56.5644
34.4898 104.801
47.0072 141.474
-132.003 62.7574
-95.8235 99.6522
35.6738 116.208
61.175 111.78
125.184 -94.857
-70.2631 -142.565
9.66944 -88.6725
-36.225 57.917
147.646 104.65
-28.9781 -43.5051
-36.0347 -91.9597
-83.0285 12.4382
35.7017 0.191103
112.601 -140.612
-43.5341 -132.049
-22.7892 -18.28
30.265 53.2723
136.838 -130.418
-73.4679 108.443
-79.1295 48.6346
-73.4166 64.9574
-126.892 116.302
-17.8834 -44.542
66.1417 54.2868
-91.0775 -137.05
87.4743 141.11
47.1247 115.795
127.987 115.2
-98.619 -40.4968
-48.7102 149.155
-106.812 -73.1607
40.9718 117.589
38.6257 -96.2297
-133.544 118.934
-138.037 -85.6609
75.6129 -12.942
-45.7252 128.638
134.058 95.3103
-114.284 110.106
4.73696 147.563
-24.3622 66.8119
32.6652 20.3399
114.185 -61.7384
-61.8504 -121.489
-102.278 -117.092
80.939 -25.5638
-34.9982 -125.886
-100.572 83.0999
-11.442 -54.3356
70.7108 -19.4574
-69.7827 42.3486
-129.961 -90.8944
-130.307 -103.19
-27.2371 9.34142
64.5882 108.559
-50.6055 -58.5641
-25.0479 -126.07
31.5688 -101.548
-19.8191 -75.0257
104.614 -14.1032
119.723 139.638
-35.4119 -42.7654
-20.7976 9.18298
146.33 76.3327
-29.3225 104.728
-89.6086 48.233
65.7627 -87.6543
66.3284 135.077
5.40772 121.202
48.7497 -76.445
43.4636 59.3136
63.226 -88.9833
101.864 -58.7968
-20.7622 -14.9716
134.05 -61.877
17.5096 -58.1925
-46.7089 -77.4456
-132.247 -94.3305
27.8288 36.0918
132.069 -94.0561
56.0197 -38.5863
-96.0309 135.607
-64.5575 -137.602
-50.9194 -136.019
-99.3649 36.4187
56.7176 63.9817
100.388 -56.2292
101.905 60.2741
123.972 128.098
-134.099 -126.584
134.11 -67.545
-129.215 49.4214
82.0571 87.98
-139.098 -127.611
-15.0365 -115.01
144.247 -71.3369
-13.1755 19.2028
-39.2341 -20.3437
-9.36601 -127.852
67.7999 84.8868
144.242 -29.846
113.142 5.94925
-14.898 21.7876
130.62 -110.138
-116.099 132.793
-16.6517 -107.497
-59.6736 -134.595
-5.36663 49.2645
-142.12 -33.3644
-27.0732 -89.5332
-23.8589 148.145
145.763 -0.999479
107.483 -65.0573
119.701 144.237
4.34291 27.1442
-10.8778 51.1433
-68.1986 125.889
64.8119 13.7132
106.349 75.2658
27.2597 -31.5509
-124.953 -19.1891
47.6533 89.6045
67.7502 -145.42
100.255 14.2181
-119.903 -103.847
140.452 -59.3866
-117.073 -80.2089
-114.279 -138.899
-121.598 32.4581
88.8127 29.8384
139.058 -126.123
144.855 85.0912
-140.315 37.5859
71.7241 11.7694
-145.113 7.78985
-56.7232 5.99951
44.0211 133.316
-105.097 76.8355
-120.461 -133.034
115.753 60.9172
60.5367 53.3791
-10.3848 93.0416
110.776 11.4736
149.188 -31.7646
113.546 -45.1192
-62.8546 77.8838
124.819 77.0484
5.34215 -140.819
-26.9537 -110.497
-114.984 -35.7598
-45.9835 -121.278
73.1573 -63.0732
34.831 -35.9227
-104.901 0.989569
-92.0395 62.4229
-93.2991 38.717
-136.599 -48.914
37.6356 -33.5618
65.2373 33.7904
37.4522 -104.791
-123.267 111.554
-93.3967 149.028
-69.3828 86.4873
21.3784 -73.9669
-90.3121 112.945
-124.948 9.99231
86.35 -23.272
-129.063 56.2306
-43.3296 112.296
-5.93243 -84.0375
-24.0113 126.27
64.7103 90.6737
-28.5582 103.196
-43.4416 -101.589
64.6703 -69.1264
-132.592 -143.034
150 -90.9312
-12.7817 -147.211
44.39 59.3909
-93.671 -76.8244
51.4038 -14.5462
63.0299 21.8953
-85.9614 -71.8494
129.321 -144.877
-92.0597 103.478
126.276 41.2924
-10.1913 -70.3441
-132.626 103.996
66.9614 4.80497
-40.8938 44.2762
-99.9581 -76.5774
-140.056 -23.3803
10.6378 -133.494
-61.0612 -119.724
8.76003 -102.597
-2.41657 97.3428
-80.1083 94.29
-8.29594 -64.3376
113.334 65.3019
134.488 -21.3309
124.858 70.3697
-87.0386 142.479
-22.8868 5.44373
-147.455 145.134
-2.97605 -11.947
132.008 85.4932
-141.831 -143.123
102.421 -117.282
-48.0219 -120.62
-71.4405 -135.112
-61.7696 49.3669
26.8919 -124.386
92.907 -118.709
132.061 124.718
-55.6259 61.6765
-132.439 -102.997
-148.204 65.2626
-143.724 43.5852
-23.8957 -140.251
-49.4975 2.6284
126.365 26.3313
-49.7684 60.829
115.592 80.6431
-12.7162 91.585
65.8946 -133.2
-94.1092 -113.617
53.427 25.748
58.9967 -54.0083
-2.41067 -112.1
-117.284 84.2782
89.8815 53.9588
-35.4472 -70.3046
24.6853 50.2114
69.5854 21.2886
117.372 12.3027
138.845 97.5709
-8.06835 73.1726
-148.255 100.741
61.3268 -60.3088
-84.2916 -28.1375
-92.4284 131.046
-10.3011 -133.336
-6.08274 -59.4742
38.466 128.77
59.2455 2.04348
-34.6971 135.61
-130.245 -112
114.698 77.337
-2.71947 34.8856
-23.5703 -124.063
-0.698146 -66.0721
-29.0595 -123.425
146.281 -49.4476
49.0423 37.4997
8.81805 -0.567824
83.4264 26.6047
-113.09 79.0676
-0.140448 -87.7349
-97.965 105.967
-118.546 96.7386
-134.868 4.31514
80.4124 -53.9155
-17.1092 -65.7731
148.629 -71.1691
-96.6132 73.8525
143.966 -98.9252
113.81 -28.4117
-46.1436 43.2462
-27.5508 -55.6659
-147.613 71.1469
127.924 -38.5155
148.243 -15.3527
-37.3879 -67.9565
-52.1683 -41.1651
-42.7914 -0.179849
-4.60589 -23.3556
-86.6446 -45.4996
79.335 43.7688
-146.032 67.3863
-100.561 -51.5466
-63.6742 136.633
76.6307 47.9326
51.3691 136.514
17.319 39.8834
-46.7877 78.6752
75.3765 63.3248
111.494 -144.246
64.3263 -10.3592
-96.9951 36.0088
-113.642 23.5012
-86.2762 146.906
-86.9025 -8.21633
-60.1642 144.013
-129.315 -109.971
75.001 58.7053
-32.1421 -133.24
0.552236 -63.8142
78.2491 -69.9061
-113.527 81.4764
130.429 -110.061
101.719 117.878
16.6161 66.9563
60.9134 118.09
-76.7486 -132.945
38.3814 -40.3346
113.176 -62.5703
-82.2895 102.887
121.357 -88.9546
42.8149 125.918
-26.6014 50.6679
-117.593 -54.0766
-62.1333 14.9415
54.751 122.127
-65.1625 66.2923
54.0014 55.087
-103.975 -77.0678
125.551 64.6288
-130.864 91.5934
-64.8794 -148.639
93.599 -87.2074
-64.3267 -32.052
11.0955 -37.5024
-90.9189 -89.8634
-64.7696 82.3711
-118.123 -7.3014
-61.2025 45.3706
-135.84 -149.787
62.0018 32.9022
81.1468 -65.7604
58.8557 -22.177
119.636 -20.0797
56.9428 9.09015
-41.3808 -88.394
-104.839 95.6643
57.351 -24.4733
-143.783 -32.2163
83.2467 -43.5128
-12.5546 77.2762
-28.215 -103.548
-142.075 -74.3031
62.4448 -66.1742
69.5217 20.8562
-36.1849 -68.317
8.31425 112.737
55.1136 17.7934
100.868 -25.2558
69.0159 110.151
33.7422 -145.825
-132.65 66.5187
53.313 140.322
-43.7316 80.9488
106.633 83.5727
-131.203 -60.7466
130.146 -1.87634
64.1707 -120.092
112.107 21.8849
47.0274 -13.4911
71.4103 -9.46052
-110.674 -28.7463
89.4971 124.777
-13.1716 37.0457
135.2 25.4913
138.266 106.884
-51.3737 11.9302
-48.506 40.6666
94.1784 75.6151
-81.2561 -57.0372
-92.6344 131.803
73.029 -106.196
-133.878 1.87318
22.3118 -132.941
140.941 77.8571
110.475 -18.7023
-1.6249 -142.82
37.5848 -134.334
122.206 -112.397
23.8666 53.9797
70.1616 43.3134
-41.637 -25.8199
-142.366 108.074
-90.1692 141.104
150 63.8284
-47.6359 -34.2662
-50.7639 -55.5672
-56.9393 92.7322
135.438 -77.872
-60.9414 1.81643
6.80178 -83.7964
-91.5533 -131.243
-106.658 -128.555
-73.8478 52.6913
7.31561 122.563
34.4344 113.163
-136.005 26.2598
111.81 58.0016
134.444 -98.8222
92.4496 92.5777
-43.1421 -50.0554
-29.3122 103.461
9.45793 66.6388
93.6674 118.795
-128.244 132.88
53.5494 -47.4973
-102.981 103.459
46.2704 28.0747
8.31565 -112.977
27.7582 55.9909
77.3563 -28.4683
-84.2216 -119.142
-116.251 28.3952
4.05102 59.3899
-131.231 -134.523
1.36203 109.476
141.122 -9.41137
30.1394 88.2862
-89.612 -34.9852
-107.818 6.22955
-25.0348 1.73566
59.7631 -108.844
18.0907 -0.523159
-58.1031 -139.034
103.89 -53.3265
-99.0666 -4.55953
119.934 -13.7649
-86.6947 -32.9494
-46.2155 -132.398
139.255 -11.1904
145.767 7.26619
-11.2398 4.3092
132.504 118.891
8.74884 -61.755
44.5357 73.4766
-149.546 26.8647
38.5792 80.39
120.976 -147.864
-4.03995 21.8991
-147.118 -67.1858
-41.7532 -91.3636
-67.6488 -121.226
-41.1162 69.4799
100.127 -11.9808
-43.1051 -120.047
117.324 -142.634
-45.8201 -18.4557
-65.7771 21.8306
119.365 24.8166
55.8626 65.5555
106.707 -9.80644
123.84 -65.3252
-139.556 45.6924
62.5452 16.0687
-27.5279 51.0574
-37.006 135.318
-1.42565 138.477
119.081 -97.3245
36.0407 -41.03
138.712 91.0825
70.2149 47.4842
124.193 119.948
-122.414 7.3604
-37.0244 147.559
2.30471 64.3215
79.982 -78.7473
129.609 149.797
12.3582 133.479
139.182 145.875
147.341 63.8422
133.044 120.407
65.7681 -7.37502
-22.613 -83.7671
117.572 125.75
-121.061 -26.4974
-80.0196 -119.912
9.41065 -103.328
70.8869 52.9482
18.5746 9.1681
63.277 113.685
56.1429 -62.4931
-29.3512 82.9114
128.902 -127.625
132.476 -106.608
74.8508 -109.62
-141.826 67.9648
-24.6012 73.1414
66.3427 -6.76829
134.913 -139.29
93.4491 -15.8736
-146.634 -76.8178
66.3563 -7.81798
-15.4142 -95.6733
-52.504 139.815
-60.315 -25.547
-129.546 27.64
136.925 65.7092
18.7926 137.428
-84.7585 48.1813
-147.051 -26.9831
-76.0463 -79.5866
-130.048 -68.7418
116.064 70.1037
133.565 53.1987
-148.401 -73.162
89.8243 132.37
-144.08 -68.6672
-127.046 -132.537
111.055 106.057
14.1018 -129.624
-10.6524 102.127
-91.951 17.2615
52.1177 -130.853
116.743 -14.112
118.737 -35.7051
22.0523 -66.0243
-120.282 -94.6346
101.923 -141.559
14.0072 128.266
91.7844 -59.8688
-143.103 -89.4674
-129.919 -31.1521
117.652 -134.156
65.8622 124.412
-135.887 -81.4008
-86.7926 1.59823
-105.868 -63.815
-100.134 -96.651
145.834 8.50855
-33.7077 -28.4623
120.629 94.356
11.779 -91.5083
-72.8033 51.4738
-76.0819 36.3101
84.3788 -79.0558
128.591 78.7577
-100.317 -131.682
-58.6659 -71.4388
75.1775 -66.8278
-34.4158 -138.429
-90.1511 112.309
-89.5243 -31.9086
-100.717 -59.0369
-133.463 80.7816
-30.9905 -13.0164
-97.9577 0.787022
-114.317 4.52803
-107.997 -9.79329
130.791 9.96572
-30.2266 -111.99
138.062 128.469
134.646 65.2521
-77.1839 -3.35753
38.0653 75.7182
52.452 -44.8799
72.5755 -27.0148
84.9477 -144.574
52.1256 -89.7502
-82.5186 -78.249
44.4631 -129.166
119.952 -16.55
-86.9515 141.432
12.1407 -74.6755
-72.9834 77.4709
-115.693 -28.866
117.988 7.99153
118.852 -65.6756
148.247 -99.109
20.5395 -105.79
-120.09 42.2013
-24.8979 13.3779
-55.9171 149.402
-125.533 6.15493
38.3473 88.3504
-96.952 21.7205
-50.471 -32.6193
-146.947 99.0839
79.2029 134.256
-78.4464 142.596
-15.4481 146.01
-69.8647 -131.341
96.1571 109.857
-32.1721 130.685
46.1658 117.385
-122.569 65.4368
62.3463 33.2033
-27.8261 98.8248
137.45 -122.083
16.7397 80.6927
2.95232 17.9627
-34.7027 -25.6974
79.9549 -5.00027
-47.8737 116.539
-21.3371 91.9315
58.9237 -120.737
99.3739 32.8958
56.1969 67.7199
17.797 23.4722
66.6694 -72.2604
53.1311 148.042
-78.5951 -12.6927
-69.9784 -118.1
68.5368 128.439
14.5269 -37.3379
-66.5825 -49.0925
55.5621 -54.2484
-71.9377 -106.554
-92.3876 100.534
-79.802 81.4623
104.946 66.9958
42.714 -114.086
102.296 -135.326
5.18027 9.87505
100.701 48.4541
70.262 -123.857
33.4785 129.742
26.4711 28.8864
112.756 -134.067
58.6532 -47.8736
-147.694 112.536
-25.8629 93.6972
-128.79 -13.599
-57.11 67.3238
69.6625 -38.7318
-128.637 146.204
145.706 -73.7735
128.491 -67.601
104.415 -124.928
122.777 71.3266
114.015 -133.78
-97.3111 148.12
125.051 39.1916
23.0356 -107.101
39.8848 -75.7891
91.7921 26.4816
-9.06246 44.2773
131.145 69.0305
60.5716 -127.896
97.5105 144.308
99.6601 41.8101
60.694 -132.036
-101.539 -45.6056
-52.953 -41.1364
2.47008 94.1417
138.975 -72.1903
-113.325 10.0904
-83.158 12.1681
116.33 -22.2399
-88.9265 -18.4838
-135.029 -0.241598
-58.3027 -105.391
-25.4179 -0.593721
102.752 147.192
58.4369 -12.5659
18.8282 -45.0711
-138.752 50.2876
-102.038 16.6588
-48.5963 -79.385
-45.3614 101.552
-101.04 -30.7038
14.168 56.2713
71.336 119.025
146.593 -88.4641
-4.17243 -48.7955
103.62 -9.07978
-39.5836 91.2589
-103.803 18.6708
-10.8159 -96.7938
76.4825 60.0834
30.2413 -100.456
-0.328541 69.6239
10.02 -31.7141
83.5694 -105.742
55.9541 -119.619
63.9086 -56.9727
-135.134 2.13868
11.9763 67.6961
-141.784 -17.7556
44.5395 -67.3724
45.421 -3.85271
29.2913 -20.0931
-11.0771 84.204
70.9829 -110.692
-21.2673 -135.767
-49.5291 72.9933
103.429 -9.10488
116.384 1.67384
-84.7391 -121.569
-119.711 42.9439
24.4909 28.5635
112.379 -137.158
-54.9143 106.351
95.9102 -84.8487
9.79077 -17.8108
-9.41349 117.307
-40.8297 -26.5887
-94.7309 34.1007
-70.6665 -109.573
114.845 83.7509
-49.039 92.6205
-107.946 -94.4802
-60.7563 -46.0554
-99.15 -139.019
-68.3717 -68.1639
-87.2397 59.3455
-51.4735 -15.7355
132.2 -61.0035
-69.4462 -111.066
41.4887 62.2263
130.317 20.8833
-43.6969 -6.50381
99.607 -66.227
64.4037 -8.95816
-134.861 12.9596
-128.161 93.5542
27.6621 140.856
-37.1974 -47.5343
-84.2899 11.1211
35.9205 51.2461
121.879 67.6839
112.573 -55.8743
12.8839 114.742
26.2667 56.8502
109.375 -50.5616
-127.201 -63.1656
60.4455 25.666
-64.2031 -94.3058
148.674 -11.4631
-81.6556 -78.2291
-44.3024 50.1667
-81.6972 126.009
-131.39 -93.7345
-33.5642 9.09243
-97.4398 68.8758
73.8191 124.422
76.5806 -132.648
-21.2445 -78.4477
-58.2358 -117.074
39.8406 -84.6871
103.3 -58.5449
68.9658 -100.569
92.624 38.7663
36.2153 102.179
-108.905 -72.686
141.717 -34.256
-23.6054 59.3094
91.0696 -140.019
148.032 -44.4275
85.3726 61.6819
100.176 13.8188
-77.2566 36.479
32.2343 -115.366
-138.261 69.5812
-80.7776 -89.4034
94.0554 96.0665
148.67 -105.164
-10.3399 52.2176
-75.3645 54.2847
24.3369 -50.2418
-143.774 -30.849
55.2741 -40.6739
33.666 -3.46527
-120.152 -129.605
-47.3276 148.622
36.5586 -7.05979
-106.381 18.0404
87.4111 53.8846
-104.741 -48.8698
132.288 -126.618
130.881 147.603
26.0483 -103.227
-94.8546 -8.26631
50.3172 -89.4933
-134.576 66.4174
40.9272 63.0188
-35.0062 122.169
-4.15504 -31.3072
-89.0895 -7.47307
44.0268 -113.486
-127.225 149.139
-16.4 -72.1688
37.8755 -142.925
-53.9638 -65.5235
-92.1893 137.786
138.115 33.0071
-124.045 -87.7487
121.559 -128.947
-44.1014 -137.711
-91.4572 67.7181
10.4625 117.692
-125.036 -116.431
-12.5792 -94.6351
-138.873 -99.0577
-12.97 -125.98
-70.5044 71.4062
-108.028 -109.737
99.242 -92.5588
-118.904 -46.6526
-47.4933 51.4352
64.9476 103.901
-128.575 -146.222
-70.1012 -12.6334
114.355 -22.8703
119.699 148.356
84.0768 -43.7492
20.6232 110.956
-26.2198 -148.615
23.7469 -119.032
3.98226 92.9317
43.1373 144.193
128.927 127.281
79.5114 55.4585
-116.205 43.3742
135.351 136.83
92.7865 42.5345
5.40317 -118.755
121.566 -138.142
96.9919 -143.011
97.4531 138.076
36.3075 -20.4963
-10.3118 53.0159
-12.7659 137.016
5.70413 35.71
-33.0894 -115.097
-121.562 -16.561
-41.5407 -68.9878
27.1248 -21.7536
56.4588 -142.768
31.3445 0.206239
-134.029 -5.69955
-69.5138 -27.8684
121.286 119.376
-114.884 -110
-45.475 9.69683
-27.7179 38.1173
124.715 -90.937
-78.8515 42.8172
-42.7453 29.4444
144.467 -12.3183
61.4752 35.1652
18.2991 116.156
-62.0124 17.9999
-139.3 31.6775
-148.473 -71.5137
106.09 -88.9202
-143.504 -42.6518
53.3818 7.17462
-45.5944 -78.6059
3.72729 -79.2259
-92.2272 62.3534
-41.7208 122.998
12.4461 26.7968
-69.232 101.543
73.5442 120.7
-130.695 13.8084
47.5637 -42.4739
-104.877 10.049
104.748 -83.2864
-143.272 41.7289
1.69919 -120.145
94.4194 -67.416
45.0091 -89.734
47.9468 40.0968
-120.711 -49.3982
-85.591 -128.277
131.024 80.296
-5.72357 29.1282
10.4705 130.296
-96.8428 -139.782
-57.801 0.887693
-25.5223 39.7212
-24.942 -71.9471
-60.884 -148.497
-126.586 -11.8088
37.9208 145.744
-34.8538 120.282
42.7508 75.7146
-117.943 10.4665
66.1483 -16.9991
32.3575 -70.2849
41.5322 35.5875
0.412884 126.618
-65.5783 79.4388
-87.9627 66.4862
-34.6358 94.673
26.469 -4.84715
144.329 -7.71739
104.929 -65.832
-65.9963 -83.725
-34.2698 -5.48011
-114.491 73.6858
-19.755 118.789
111.817 94.3389
-119.371 39.8654
9.50248 115.659
-1.29669 -24.3282
-61.4173 -29.3815
55.2756 41.5935
-37.4638 0.50948
-119.1 59.1083
-6.57527 126.216
-7.02206 -109.906
48.8725 -137.934
107.989 76.6746
-84.759 88.5827
41.1804 -89.4143
-37.238 50.9204
-61.586 -61.0632
-19.9618 -8.39906
-119.786 32.5461
93.4582 47.7178
127.341 128.308
87.7961 -113.174
-52.8858 92.5075
68.8035 -80.692
125.923 105.188
-50.221 -54.3304
-67.456 86.4032
126.858 -74.8838
-129.392 147.101
16.1151 118.458
-100.242 -102.553
-10.9197 -144.096
15.9442 138.611
72.2414 95.8437
-115.681 -62.5379
131.099 2.89854
-96.6847 -6.46755
129.474 132.012
-109.071 -7.02876
89.4963 -35.4341
58.2131 2.16352
135.826 132.213
143.403 -27.8926
105.9 28.0127
48.0799 113.75
37.412 137.602
-2.64432 49.0531
97.7689 56.0108
110.066 -7.77016
-4.95088 -119.203
119.416 -119.841
53.7876 -15.9144
-0.376523 -47.3591
-112.571 32.3925
125.081 64.3446
-77.6257 56.1919
-115.325 -5.06714
49.6158 147.106
47.2585 -6.66513
-60.4999 -149.525
-1.5231 -64.2909
-3.48889 132.887
-73.2967 149.133
-55.7212 -120.853
-58.2168 -94.0659
73.5258 -51.4307
-35.8114 144.89
-62.487 -102.302
2.55952 137.177
-45.8806 -52.7053
43.3399 67.3248
79.197 147.651
-138.325 75.8674
-18.3167 29.1701
85.5869 123.595
108.871 137.985
148.276 -64.4785
-30.9738 -12.5145
-31.7637 -62.0576
142.249 -138.288
-4.85416 6.93502
-10.9793 19.8367
47.9237 111.243
74.371 131.349
13.3634 10.1204
53.3536 63.0395
46.9029 -136.464
79.8122 58.0119
-20.9294 10.4137
-14.2515 80.0303
-32.129 -14.5942
118.406 -46.9125
114.138 48.3668
22.0845 -39.8405
-48.3603 -57.8919
-3.21842 -39.9325
-50.204 140.566
-142.21 39.1841
-115.995 125.715
101.6 -143.571
117.948 -107.903
-45.833 -39.0192
16.3184 54.3692
-101.444 -16.1351
-18.61 91.2392
77.0421 -16.3975
49.034 -10.9873
3.32828 90.4329
104.481 62.0432
-143.893 -107.329
88.8847 42.9627
-143.145 4.07937
97.483 -136.374
-77.0126 -83.983
-63.0796 -45.3106
126.802 -27.3108
109.871 -122.113
-75.221 115.425
141.505 -90.994
-35.5717 -89.2488
-113.275 -143.791
140.98 -80.9001
61.5957 53.2536
9.51485 -115.2
69.2956 -89.8477
-112.526 87.9002
16.9882 128.533
-27.5786 -74.5703
55.7079 43.112
59.988 -37.1677
-21.8212 10.7526
106.962 -116.105
-103.627 -77.185
-15.2772 62.4245
-48.3282 83.1179
-51.1161 -22.9034
49.3903 133.342
-139.117 121.89
34.0913 49.64
-131.401 -117.531
21.8913 2.0351
139.507 -131.062
41.6231 -114.778
73.9059 147.9
81.5483 -8.52342
-70.1386 -39.2518
48.0188 48.5484
41.664 -20.8322
-10.2953 -68.8707
21.437 138.664
-115.603 -40.6732
-116.795 -116.24
115.343 94.8097
3.9659 -64.9695
-43.0879 85.6135
-142.212 -89.0588
85.6803 90.8117
-125.674 48.8997
-44.1158 133.338
-13.475 26.5269
17.949 54.6404
-138.504 -32.136
-15.5297 8.91374
79.4071 25.96
-88.9278 70.0043
-83.1995 80.88
-81.6864 -60.5919
-119.009 -129.926
-133.299 43.7721
-80.6434 88.7021
59.8513 -97.2143
-134.936 -45.2479
-104.924 138.604
-99.2486 -0.652004
-35.7723 -98.5788
-97.5104 -36.2698
101.041 -88.4054
-106.237 113.893
26.7805 -75.9455
-85.8764 102.906
-134.453 79.7883
77.2073 -142.44
106.898 -63.5849
55.6564 -46.291
64.8926 -36.1412
-84.7989 30.473
146.676 -81.8614
-36.4623 31.2905
-2.8781 -86.3037
53.372 119.381
32.5023 -139.031
38.3575 -105.408
-43.617 -53.4647
33.0757 68.4231
25.7796 16.81
-57.7179 -68.2793
133.984 -41.9023
14.2278 33.0489
-41.9626 146.556
15.6054 21.9744
85.3631 -61.2534
-122.451 2.7083
67.2334 112.564
121.445 -37.3113
-114.552 136.869
-51.0893 -67.6136
69.7167 -90.5056
55.6982 97.5563
41.6891 -110.691
-18.0399 103.166
51.6178 -44.4485
-72.3674 -71.5892
128.554 -136.343
16.4433 31.226
-144.129 41.8079
-95.4849 -93.3159
-120.65 -124.29
-116.323 145.184
21.8143 139.228
86.7758 34.2246
-130.672 -111.845
125.22 -81.6129
-97.7328 -144.998
8.13257 -140.038
-74.5559 -52.9009
-84.6283 114.093
-33.7326 -113.811
86.4389 -2.69761
114.054 47.1252
58.7223 -77.1587
75.3778 -17.5443
10.4131 -73.6313
-125.122 -11.8075
147.235 63.7016
78.1109 69.0427
15.4171 118.488
30.1192 17.3963
-23.5628 61.0317
139.142 1.00891
119.518 120.319
-42.6394 24.3458
-63.1671 -43.8055
43.4833 -106.075
33.3665 59.4198
148.182 -94.2993
124.938 31.1304
7.49145 -131.911
-27.06 15.338
-1.51068 -146.527
21.6162 -120.241
-83.5767 -59.4183
91.3029 -62.8283
9.08588 33.7798
-140.343 -52.8468
-6.27325 -113.474
27.3882 -18.768
-22.346 117.101
-87.8307 140.891
114.706 108.627
39.8312 139.782
-109.084 -53.0782
-78.0398 -106.138
18.0625 25.5523
42.7371 82.6861
-7.17807 -141.252
106.929 104.582
-23.8303 48.2164
23.9553 -145.555
119.463 83.1612
-74.405 150
134.49 124.047
111.899 90.7344
-131.797 -9.87805
-149.729 98.9179
94.6519 -7.00098
35.2853 -147.08
28.5907 91.3503
-24.9224 -29.078
113.137 128.012
-46.5162 -144.27
-27.3002 71.9843
-91.3341 46.5594
-36.2643 -146.085
83.3004 69.7182
-23.3373 82.284
46.4172 128.736
84.7398 29.935
141.361 -106.388
75.4456 64.1086
-114.019 -101.949
66.6622 -71.5683
34.5269 -98.7521
70.3249 50.252
51.4696 79.7956
-9.89524 -7.51604
-12.3084 2.44036
123.087 -26.75
-51.8563 126.673
132.447 11.1625
-53.9115 -47.4694
-8.91056 59.8888
23.9905 -64.8833
-128.196 -73.6329
-140.78 -68.8299
116.135 -144.142
18.9525 100.363
100.38 -18.0881
98.2957 -117.926
141.984 -116.194
7.75417 67.4638
22.8867 78.592
97.9665 -83.191
-23.336 -0.656722
-3.66509 148.307
-124.493 -58.1719
-115.678 -3.75097
-77.399 -107.694
137.49 -62.4368
120.485 -1.82731
-80.2426 -41.7114
102.423 -97.6291
135.679 -105.873
112.56 -44.4429
95.9799 -29.5558
74.6232 52.8909
70.2429 32.7674
60.4732 77.0714
144.368 123.823
-1.19397 -18.7617
-101.547 -132.863
-120.439 102.052
116.735 15.5128
-19.4508 -68.2027
-108.318 75.1269
-7.24741 1.28623
120.148 -8.5961
101.265 36.6724
-137.81 -36.08
-30.7214 -145.021
39.3866 -41.99
-11.4898 -102.05
-16.3651 29.5203
-102.128 -71.5234
-60.7921 -39.7422
-85.8686 77.1112
24.7344 17.2868
-47.2847 -63.896
99.0998 -12.225
128.792 108.549
-102.361 -44.2531
-144.115 57.4412
106.909 -130.168
-86.7091 51.5964
1.75647 70.8298
-12.8123 140.526
-57.5464 126.75
136.442 45.4106
111.595 52.6291
128.472 37.0786
121.265 97.747
-104.4 -21.8715
42.4062 136.114
-1.54627 124.833
115.287 -144.259
122.595 -85.8871
-100.104 7.06762
138.014 146.211
-64.1297 -138.853
-122.177 -147.079
-69.1819 -146.952
-41.583 -56.265
85.218 145.092
127.271 139.564
-30.7341 29.4883
-101.813 63.9848
90.9069 -59.4833
116.467 -104.972
21.5606 -28.987
118.286 105.514
75.1194 40.9065
72.9345 -40.6117
-99.8602 149.042
91.7596 -76.8259
-61.6394 111.665
124.973 -76.2906
28.3651 49.7309
-86.7509 -76.1039
-22.8086 112.159
10.2421 -17.042
-72.4246 104.232
42.0787 55.406
-120.747 -20.9726
-17.1308 33.2643
113.946 63.224
136.39 -95.2036
-15.7223 122.419
91.8501 -65.6003
51.5899 -147.658
-96.1342 20.7981
101.32 -133.334
-22.708 56.6453
-145.85 15.2823
52.2973 118.79
80.548 -119.2
-69.6073 -24.6389
13.0983 -13.581
-8.63575 -117.218
-90.458 -138.651
-132.461 13.2288
-95.0832 49.1744
-112.949 43.2921
-26.1792 29.6305
138.522 68.8284
7.14732 93.4632
-117.609 -37.6655
-33.9544 -70.1296
-4.37406 56.1832
146.209 134.213
61.5507 -90.3483
92.3415 93.7912
-34.8481 80.038
89.5041 -79.8515
-12.5479 -111.718
-86.589 137.456
-6.07619 -133.123
-141.7 129.902
29.2866 84.6172
95.2358 -34.6742
52.2858 -146.481
52.5082 -29.3225
7.46203 -124.699
103.881 114.932
113.183 72.6399
-27.5878 88.1192
17.665 20.8055
-49.1612 -116.437
72.6082 40.9234
148.889 -126.302
54.1154 69.1983
148.793 84.7941
-53.0637 -80.3472
21.0826 112.046
28.6186 94.2832
23.2478 46.1718
-27.3556 24.8565
5.83593 -108.543
24.817 1.74264
23.4117 112.719
-1.45014 -103.876
-52.7725 21.7764
-68.9025 -148.47
128.29 -55.1972
-16.0325 -79.8488
72.3366 -132.39
-136.361 -70.6506
-87.2424 -32.7679
-134.835 -14.1715
-69.8698 -16.9938
-124.392 90.6105
-137.599 -93.5095
115.916 144.792
-138.606 -81.9685
87.9817 110.477
-49.0348 9.24941
124.786 52.8231
15.9577 93.8939
-38.7968 47.3236
-95.4855 -54.7517
146.28 -121.439
-77.1049 148.079
75.4291 91.8977
83.8899 82.6988
-147.248 95.6865
-53.7657 19.2653
-70.1204 -51.4789
-36.9042 -53.3062
61.3067 16.2481
10.8538 -55.9095
-120.909 -11.6642
98.8366 34.3657
-13.5695 17.1418
-92.951 40.3942
-143.975 -83.162
20.5674 49.9059
17.8946 76.6914
-21.6477 117.576
111.814 -119.115
-49.6456 -59.5738
109.197 59.5762
-25.3991 -14.4338
57.666 -126.718
109.674 96.7841
59.7476 -69.672
114.636 25.9309
49.0328 124.048
35.5975 -16.091
-138.141 -69.3448
-149.428 136.04
-112.12 122.275
-3.00816 -79.8026
129.31 124.649
-32.49 -85.6202
107.489 -14.6012
60.2482 128.657
-71.7526 -96.0205
101.5 108.269
-22.2968 -84.2121
-87.4663 103.229
146.198 135.505
-105.922 33.8026
120.832 102.482
-37.1708 -117.05
-120.26 -123.883
-136.143 -13.2859
13.987 20.2583
-97.8041 -95.2732
-132.705 85.3746
-46.2251 -43.1221
-113.305 -23.4489
139.689 -114.874
1.60183 -0.109145
117.656 141.668
-120.747 -56.07
135.776 -49.0158
-4.56287 -135.479
131.969 108.489
-117.628 -97.84
44.4549 -61.8836
9.73312 -123.39
-113.963 56.6305
-98.264 -147.883
-36.9766 -131.181
43.4486 -17.7738
120.074 -116.616
1.03399 -95.6629
-115.125 51.1282
3.13989 14.0872
-115.47 13.2627
-6.62941 -34.9796
44.6933 72.4621
-110.802 -14.9403
-14.0972 73.6635
-145.091 -47.428
-128.588 36.032
17.3008 121.003
14.6025 89.4379
-73.2763 -138.754
-11.7657 67.7854
-137.454 87.3044
104.693 -10.1066
10.9306 126.934
-98.614 41.4601
97.3473 -63.1795
104.631 74.4534
136.389 37.8984
12.1509 39.6527
-53.4288 75.2413
-67.2707 -122.684
-16.3633 -58.7197
-15.5159 -18.5567
130.441 -143.124
72.2006 125.227
-23.0572 -138.021
134.609 -89.1153
105.135 -42.1864
-79.3311 122.96
-15.5333 -36.5292
-1.63313 46.4085
-8.4413 -43.9262
-14.0846 119.22
1.66291 -25.9745
38.8335 -77.4154
131.563 112.682
-53.363 104.629
18.2697 -57.165
-43.7288 109.888
53.5786 4.49744
21.0797 46.3627
-38.3541 31.7382
149.594 88.8983
-52.2225 115.171
-42.89 103.736
-19.807 -118.794
-95.9152 -15.931
114.663 122.353
97.9743 112.63
-70.6545 54.7566
-66.2031 -87.9658
-29.7585 -138.648
-119.338 -10.4759
124.723 75.1977
102.628 84.2331
61.5348 125.96
69.606 39.3944
124.573 -39.9447
76.8994 -140.811
88.3787 63.9441
75.1669 130.767
-82.1908 67.3109
143.253 -58.001
-56.3039 97.335
-53.2262 100.538
-20.2914 -117.358
122.998 -82.5913
-72.2473 64.3226
71.6977 -123.36
79.705 -96.536
-52.637 -4.86112
-36.3946 137.791
111.404 -41.6387
22.7724 15.4112
-120.991 128.74
-124.367 122.841
-133.393 -126.683
104.688 -130.491
-38.8079 -34.3482
-41.3473 89.232
18.953 -113.312
-65.8637 -106.754
-46.2493 74.1931
-147.095 134.761
-42.7121 -25.2463
65.1202 16.8258
-73.8144 -149.686
66.3993 26.732
-50.6109 -118.453
49.7528 111.016
11.3419 115.382
11.4675 144.814
-119.001 18.3878
-6.34025 -55.1166
-142.955 -81.4128
-72.6753 -54.4394
-63.0923 -42.476
32.3081 15.7683
-40.6769 -149.887
132.082 68.3206
5.68594 -40.6233
-49.4607 -121.17
38.5889 -34.7652
-34.847 12.0029
23.1431 0.960603
-7.51462 -5.13347
108.742 -101.427
93.5281 -51.8185
-46.3843 129.498
-33.3799 -125.699
-139.518 17.0672
41.5034 61.4673
-27.6613 -80.5294
110.104 -119.929
54.2058 -131.303
-100.133 -139.455
-86.9486 -24.347
0.149651 81.9258
66.2129 91.5897
-88.3667 -106.411
-2.76074 -129.864
-145.027 72.2946
-116.173 -121.316
19.2785 83.4247
-60.6811 -138.3
-55.5598 -21.5772
-118.575 139.926
-17.1624 62.7477
-16.4126 36.801
-94.2405 122.094
-109.424 55.8193
-127.289 101.837
-126.268 38.9821
7.0867 45.5482
80.8921 -126.739
-61.7746 60.86
-57.6567 -49.6302
131.766 -100.619
-0.731317 103.274
146.951 140.673
-110.39 84.8287
119.627 138.606
139.505 122.106
-87.4356 130.542
29.5335 7.18264
47.1176 10.2096
54.1939 -13.9153
45.2185 -90.7523
-22.3589 -85.2869
53.4521 -25.2272
-75.1174 -7.30915
-55.2662 105.185
-141.471 -96.8005
-146.446 33.2107
137.793 -18.09
-131.484 -87.455
30.752 7.72491
-69.2795 -144
6.74587 -58.8336
142.42 -97.8557
-128.424 123.939
-147.923 51.6301
-139.746 111.507
149.308 -141.761
-120.803 -147.147
72.6708 -66.4757
-135.324 -53.8588
148.341 15.8433
99.9949 -147.424
-114.729 49.8674
-63.6324 -104.846
-26.9902 -32.8952
-61.1905 -128.34
-65.128 60.8217
49.8394 138.36
-13.7112 135.024
-143.139 -30.3281
-129.184 32.2442
109.044 81.9961
111.238 19.9614
-16.8182 -41.6626
121.918 -144.269
-29.3185 115.02
-29.5452 66.6488
84.9665 -118.668
86.9801 76.7888
105.37 -112.144
-134.164 115.161
55.7692 -112.784
-94.5165 31.5963
-76.6649 96.5524
-120.388 -66.4946
39.3495 34.6957
-134.062 -128.105
-10.689 -34.9829
56.5634 50.9999
-35.325 -147.966
94.5946 46.9061
-140.004 -2.08998
80.2709 127.381
111.939 -109.6
50.8044 63.1868
-116.71 -64.8548
102.243 -21.3156
-30.0334 -16.3143
117.524 -49.0862
85.1919 -85.8423
23.5525 -28.7696
-148.592 39.5474
-15.1409 141.827
118.887 -79.8544
-109.556 144.393
-62.7402 43.8154
98.4237 -33.6055
128.831 -112.922
98.1534 -105.227
-8.92095 122.827
-139.497 35.3985
-22.2302 116.832
-126.845 -5.006
113.225 -43.3395
-18.6841 -130.643
-4.29543 -57.3417
-113.704 62.0934
90.2564 -77.7362
100.051 -58.8543
-8.69147 44.6166
58.6989 -71.2054
-143.899 65.1213
101.772 11.6388
-82.6482 -123.006
107.339 5.04512
-116.149 128.411
-110.745 -5.87591
72.2972 0.416277
7.16177 145.49
59.027 -51.6674
-145.048 -84.5119
101.048 27.5
-91.5327 101.512
-77.0872 2.05423
104.458 -42.3846
44.9467 15.2384
-133.932 49.7906
143.389 107.139
-35.2438 63.7178
70.5026 -89.9397
27.9124 -111.651
18.0959 -27.4179
-135.788 39.6663
105.249 -146.596
93.4631 148.831
28.3492 117.121
-53.8209 -93.0306
95.1899 46.7261
147.912 52.9763
-85.9679 -93.1608
-99.7443 -113.114
64.2345 -125.917
-60.9647 90.3436
41.5177 135.032
-122.849 -28.4825
115.048 -37.2281
58.6205 16.0638
-79.613 123.578
41.9659 46.1369
-137.954 35.8043
-14.266 -146.171
-9.65325 -45.2228
2.9063 -62.8584
42.9086 -99.9108
-21.3584 55.4194
-130.735 29.4255
-27.8883 -86.9925
33.2831 -117.481
-88.1089 -85.5575
16.4045 -92.0636
-109.706 35.9209
-10.5446 -112.769
35.8945 39.1575
-34.8816 138.132
45.6825 -132.331
-17.3302 142.224
33.9703 11.5632
-104.098 -136.758
142.751 27.3476
118.964 143.443
50.8553 -25.007
-18.9085 64.1269
-14.4228 1.7517
66.4187 -54.9565
-52.8093 -148.609
-45.9847 -127.088
129.926 -5.22009
-108.525 49.0096
-86.0762 -122.306
-110.784 -129.187
17.0672 27.5429
-98.0659 -11.1758
1.52944 -16.1803
-80.7486 35.0513
20.6816 46.9523
-89.3851 -144.881
38.9232 -53.0782
121.204 -7.74664
-120.398 16.9699
144.316 24.7071
25.8483 147.213
-39.4623 -8.84399
-68.6407 -17.3781
122.124 -108.009
-22.8213 -4.44267
-46.4525 -70.458
127.081 93.3392
106.348 -141.206
21.2851 14.9109
37.3176 -11.0341
-58.6017 5.88042
-70.68 -9.90256
-132.765 -72.549
0.846148 -3.06532
-60.5618 132.27
-127.742 -42.987
-66.6555 19.2295
-37.7212 -55.3693
-73.8277 -63.5809
55.4264 104.928
-137.08 -54.1488
93.2445 -109.313
15.5064 -129.256
-121.069 -10.45
109.326 -140.615
-92.5199 47.712
-112.437 22.3304
-8.78064 15.7008
-54.5828 133.404
141.258 -75.5698
-100.9 -93.1328
75.0053 86.843
-121.537 78.8033
137.854 -112.845
-10.6778 -138.722
-15.4107 -54.4804
102.172 -52.9911
41.0407 -22.8921
145.461 41.013
-113.83 -29.3956
-31.4427 129.953
-141.345 89.2717
-2.9025 20.8624
-1.52214 18.1345
-67.4921 145.491
14.9669 1.79621
83.4525 -142.311
-117.986 10.6529
86.8027 50.2834
-105.505 26.1325
-78.5013 -31.1047
41.8836 48.0474
101.231 99.9601
-124.464 59.907
-12.9202 -9.36935
-51.0652 -95.0675
64.4811 27.9425
-37.1146 -79.4493
-78.6696 -114.225
-129.152 48.3243
-56.4843 -114.293
80.029 -122.72
-59.947 28.5987
-126.969 128.58
-66.1636 29.0663
-30.1069 -4.77616
-5.24699 -14.5137
36.664 30.227
-17.1821 -110.054
97.4604 74.5111
-130.579 42.7885
-148.011 -103.889
32.9014 -120.267
13.6227 132.171
-101.178 124.965
-59.7716 117.183
57.7262 30.2216
80.7072 -129.916
-19.4618 -45.7399
25.2725 60.8898
-61.3977 -102.067
106.856 130.318
59.6435 -133.414
-92.8352 -31.808
95.8615 -141.154
-61.0693 141.754
42.0752 65.3547
137.161 148.141
71.2141 -115.609
-91.035 30.4236
101.431 104.067
-110.128 71.8547
47.053 -137.436
53.2768 -29.8475
-109.508 -45.9439
-122.539 137.305
123.45 143.554
94.6007 -29.477
80.1924 133.862
-148.414 144.637
-138.003 -91.2489
77.0608 -38.5363
58.634 -26.2793
-81.9734 -28.4313
-139.672 -49.022
135.493 -135.801
-68.2111 -102.577
93.2632 146.606
-57.516 103.955
-48.4061 16.1309
-14.2428 -13.9426
-28.0055 109.702
138.846 13.969
78.0629 -30.0026
77.9842 -129.901
97.0393 -69.8845
-102.852 30.5221
-26.1785 -117.552
11.1653 -80.0778
-149.258 -128.534
-36.3269 101.93
13.1105 7.48231
-37.3768 130.133
45.2755 23.6272
11.4533 21.6102
5.04263 -88.8609
133.215 -60.3183
-56.0386 -88.9171
-109.2 -53.8444
81.7441 92.3163
99.0534 -91.146
-35.3682 -133.7
13.8661 9.93004
-56.5383 72.8152
106.452 99.4181
76.1533 68.5823
-115.293 53.5058
13.2886 -107.801
111.155 -20.8751
-107.71 -115.841
44.7108 71.0271
83.4909 -140.644
65.1988 120.334
50.7413 21.5692
3.24839 -109.341
25.7446 -10.9131
100.266 83.2166
-74.2578 101.675
-62.5391 -14.3195
106.109 129.595
-79.317 21.148
141.69 -49.75
-56.9829 67.4071
76.2916 -142.65
-14.6276 -67.3632
-129.953 42.7708
7.50196 0.376273
115.856 -49.8598
126.303 144.93
27.4858 -54.7724
55.2473 1.76828
47.648 -108.53
-101.436 133.845
2.38629 44.9015
-109.445 -21.9822
-56.4625 134.936
58.559 -96.1819
-120.704 -106.502
123.683 148.279
-47.8553 -61.5416
54.769 -13.9918
90.5462 -122.117
102.757 -110.432
-45.8296 -19.3785
-131.346 -1.14321
-120.087 46.0337
-38.3741 -38.4877
87.682 75.0029
120.159 -62.439
-115.093 126.419
142.039 -114.563
-78.9321 101.176
-6.34675 -66.1835
70.4128 -29.9429
-13.2967 -59.656
53.4672 -36.9514
138.328 62.7027
102.571 147.573
79.3862 -102.092
-27.7949 -69.8731
-119.909 -93.7435
139.393 56.9259
-114.646 1.47464
56.6141 37.5405
-39.6682 -29.7205
142.434 -90.9948
68.0774 -91.0515
9.09624 82.1055
11.7152 112.091
-5.51736 102.851
-2.2949 123.178
-114.657 -12.9441
-77.6709 117.787
33.508 -83.171
-100.767 92.3869
114.378 -12.8433
89.9528 -5.98045
19.7992 137.942
-13.8247 -17.1246
58.0861 64.2888
-143.676 -76.3313
130.873 79.5442
-32.8054 22.604
-9.4091 -119.069
-52.1917 -88.1881
-85.5493 141.058
-119.633 70.6261
-15.7933 -40.2398
-8.1566 144.611
86.8406 -3.6669
79.1129 43.8378
102.176 138.842
87.7904 -65.7697
-10.9339 -122.78
57.6997 -79.1406
1.30528 -139.425
92.7939 61.8038
59.1751 -116.118
-140.92 -93.6134
-144.048 -43.2238
-94.3211 -139.484
10.574 9.45407
-107.14 -11.252
17.0542 38.3687
-68.9276 -82.6632
14.5167 -108.675
-61.1258 74.0717
131.457 131.696
115.47 18.2337
2.69916 -98.7957
111.286 -134.136
36.197 -54.8952
149.749 66.524
129.138 121.343
-104.019 -47.8395
19.7618 140.695
-132.966 81.9677
11.1994 141.975
-88.9564 95.7697
-76.057 -84.1298
-97.9885 -97.1336
80.5818 56.0235
-19.1673 135.892
58.0446 144.212
-33.655 68.4596
54.7871 -73.4588
61.8192 102.081
41.1972 -67.8921
107.026 79.7709
130.927 -93.9629
-10.338 84.358
144.599 -42.0456
-146.473 -87.3264
-102.586 88.4777
-72.93 -43.1033
-34.8686 0.562563
-62.892 -77.6929
1.08846 -108.107
-39.2487 -108.248
-135.081 65.6883
-108.28 -97.5247
-39.3162 -9.263
-141.48 -40.2381
82.5912 -25.7299
64.6681 13.7756
-63.6259 -70.6431
-50.1775 -115.906
-102.521 -94.7723
-129.093 132.198
-84.6516 -91.476
26.6347 -14.3125
77.2907 -72.3601
-122.597 27.0163
85.0373 45.4553
-77.255 -69.3809
-113.59 -71.7316
111.949 101.871
50.1838 83.2801
-60.9642 34.3169
81.823 104.373
-56.5323 120.258
63.8143 -26.853
139.983 -37.874
79.961 -12.2351
94.2309 65.641
-82.2745 -15.9802
-82.4677 -16.6771
-122.186 66.2724
-106.608 87.8863
36.7379 -102.715
-3.49188 6.77476
72.9256 -54.1913
-62.6233 -34.4421
-138.001 144.438
-108.943 99.1934
49.7916 84.3206
8.66681 -80.3366
56.6548 -30.7039
46.1307 120.164
-87.5385 -87.5062
108.141 7.99331
70.3938 147.606
-50.6029 117.954
-142.651 30.7445
55.4796 -84.1348
109.605 -149.755
135.981 9.61375
-3.37039 -114.075
75.0247 -141.778
-6.31791 14.0069
-96.2267 112.716
3.93247 -80.2499
-2.28362 9.36983
-23.9802 142.154
21.746 94.1521
99.1629 130.625
-96.4632 132.424
-35.1362 -68.8722
-15.267 -145.255
6.58621 -150
122.474 22.5708
65.7145 -33.7218
83.4903 121.505
12.7548 59.6678
115.213 110.596
-55.9181 -20.2079
70.3849 -91.8098
-140.316 -72.295
128.827 9.22551
-78.1432 -50.2043
