16 47.4268
18 45.3191
17 45.8961
18 47.0347
19.5 47.6946
18.5 50.4093
19 45.9833
18 49.8615
17.5 43.0067
19.75 49.612
16.5 42.9276
16.75 39.2046
17.75 43.8742
20.75 58.9578
16.5 41.1007
20.75 51.7921
19.75 41.614
18.5 48.0973
16.25 38.135
13.5 28.8637
13.25 26.5326
17.5 47.1196
18.25 43.9263
14.25 34.4767
14.75 31.9841
14.5 36.0519
20.75 48.65
20.75 44.0703
18.25 38.4978
13.25 26.9365
0 1.02586
19 48.9274
19.75 48.2998
12.75 36.5159
21.25 44.4024
13 27.0486
14.25 30.3288
16.75 42.7252
17 42.5871
20.5 55.1014
18.75 46.2685
15 31.5398
13.75 31.7208
16.25 33.3832
17.75 43.1306
14.75 37.4519
20.25 63.3929
15.5 38.6405
20.75 55.0472
17.5 45.1343
16.25 41.7007
21.25 61.221
18 43.9008
20.75 57.3687
18.5 52.8866
16.75 40.7679
20.75 53.827
15.5 35.2623
17 38.3939
18.75 47.9044
17.75 35.9766
13.75 29.4413
18.25 46.3709
18 57.3104
20.75 60.4345
18.5 43.7606
15.5 65.7308
15.5 94.0033
20.75 49.0085
18.5 46.6553
15.75 38.3219
15.75 34.3292
16.25 38.3329
14.5 35.289
17 35.8616
15.25 36.6763
20.75 60.0314
17 42.141
20.25 41.78
21.25 43.2081
22.75 57.0005
19 50.0397
10.25 0.609463
14.75 42.9072
16.75 39.2451
13.5 33.5727
14.5 30.9149
15.25 32.2867
18.25 44.929
19.75 50.8519
13 41.2055
16.25 45.2351
20.25 48.8593
20.75 43.2174
20 52.0664
19 43.5138
15.75 32.2969
17.75 43.8361
18.75 49.5344
20 55.8938
14.25 35.7188
17.25 40.7526
13.75 21.9153
14.5 42.6498
16.25 39.0572
18.75 47.5042
18 44.607
19.75 51.5408
16.5 38.0212
14.5 34.7857
14.75 31.072
14 41.8799
18.5 48.749
17.5 43.8174
15.5 36.972
20 52.8612
17 43.9974
18.25 41.9656
20.25 53.2232
16.5 40.2992
15 39.8551
20.25 48.9564
17.5 53.1234
16 39.1062
18.75 44.0405
19.25 49.3913
14.5 30.3689
19 46.9277
15.25 35.0037
16 37.7987
15.5 36.5248
16.5 45.9252
14.75 36.8652
13.5 30.765
13 32.0445
18.25 48.3161
15.25 56.8638
18.75 50.1966
17.5 42.2531
19 46.8777
16.5 40.1844
18.75 47.3403
16.25 38.9095
16.75 39.4335
15.25 40.5161
18.75 43.4589
19.25 49.6987
14.5 39.8045
0 1.31313
16.75 104.237
20 56.2722
19 48.3387
19 49.7017
15.5 31.2698
18.5 47.4138
15.75 32.4584
19.25 47.6249
15 36.6939
19.75 52.2909
15.75 39.5365
14.5 30.1466
20.75 43.0112
18.75 46.54
17.5 48.0524
14 37.0281
19 34.0944
12 31.7846
13.75 30.043
17 36.4033
17 59.3523
14 33.802
18.25 42.0238
18.25 47.2056
15.5 32.8461
19.75 48.6346
16.5 41.6027
15 36.4347
20.5 41.7834
18 50.6975
17 44.6621
16 36.2392
18 59.4111
18.25 44.5246
18.75 51.9766
19.25 39.8748
19.75 50.9764
18.75 54.0117
18.75 78.2073
18.75 64.8013
17.5 44.0203
15.75 34.4191
13.75 47.6079
15 48.4642
19.75 48.2146
18.25 43.4944
17.75 56.6997
15.5 32.6665
19.25 33.2457
19.25 48.4898
19.75 50.5539
14.5 37.657
15.5 32.9679
17.75 47.6265
18.5 48.5983
16.25 38.1638
16.25 38.6958
18.25 48.2604
18.5 45.8114
18.5 51.2667
16.75 39.4171
16.5 34.2994
19.25 51.6054
15.5 38.0445
13.25 26.9583
15.25 25.6391
19.25 50.601
19.75 49.8031
18.75 43.551
20 54.464
17.25 41.8807
19.25 47.066
15 31.3023
12.75 26.5214
13 28.1649
18.5 46.7268
18.75 46.4078
19 47.017
15.75 36.0057
19.25 49.3142
19 45.2764
14 34.9804
12.5 25.9018
18.25 43.5317
19.5 48.0835
19.25 47.9679
15.25 35.2135
20.75 42.1899
14.75 73.3272
19.25 45.5187
19.75 55.8064
15.75 32.851
14.5 29.9659
15.5 31.9172
17.75 42.3929
16.5 37.5179
19 45.0841
16.5 41.595
15.75 29.0796
19 46.1671
15 38.6584
18.75 45.9732
14 29.2753
14 28.6986
20.5 46.5712
18 66.4518
13 27.2543
16.5 44.4261
17.5 35.6567
19 45.8015
17.25 43.4669
16.75 40.4105
16.75 50.7156
15 32.0826
19.25 43.5029
14 35.8585
16.25 32.6753
17 45.1815
17.25 47.3596
13 31.5735
9.75 19.6875
20.5 49.0063
14.25 29.2232
18 49.8061
15.5 24.3829
17.25 56.5279
15.5 39.0789
20.25 55.3813
19.25 79.4547
14 28.6593
19.25 48.4431
15.75 41.4259
14.75 19.3172
16.75 43.8757
19.5 46.9019
16.5 38.2624
18.75 80.6665
19.75 54.9066
15.5 32.8379
17 50.5024
15.75 44.8819
14.5 31.229
20.25 46.0723
14 33.2153
18.25 43.9611
14 30.2925
15.25 37.393
16.5 42.969
17.5 35.4071
18 42.7369
20.5 59.0872
17.5 42.7868
18.5 38.8099
15.75 27.2924
13.75 35.2263
18.25 109.118
19.5 47.235
19.5 46.5016
16.5 38.4148
14.5 24.7075
18.5 50.5106
16.5 38.9316
16.25 34.1979
18.5 106.423
18.5 67.2739
10.25 20.8608
18.5 49.4768
12.75 33.3649
16.75 39.0341
16.5 37.6744
11.75 25.3317
14.75 37.386
15.25 32.3859
17.5 47.6769
18.25 38.2726
18.5 44.5869
16.5 38.9311
14.75 37.1516
15.25 38.8962
17 34.6496
13.25 28.3638
16 40.0442
15.5 37.2375
18 38.986
16.5 71.3813
14.25 32.9156
12.75 28.44
16.25 43.3439
16.5 57.9839
15 32.5664
18.25 46.6255
14.5 33.5381
19 45.3259
13 26.2157
17.5 41.2177
10.75 22.2272
14 32.2772
19.25 39.1628
16.25 41.7585
13.5 27.8547
16.5 34.869
16.25 39.0693
19.75 45.8786
16.5 36.7119
18.25 47.6249
18.25 45.9598
14.5 37.5551
17 45.7035
17.5 36.2513
17.75 39.5355
15.5 35.4355
20.25 53.0872
14 34.2406
19.25 54.2728
14.5 34.8404
14.75 32.4301
16 55.472
14 33.7156
14.25 35.1585
19.25 32.708
17.5 62.5711
17.5 76.1897
17.5 50.9241
15.25 36.9462
15.25 33.0376
20 38.3445
20 43.673
18.75 53.784
18.5 45.9616
17 37.9381
19.25 41.4097
18.25 45.8217
20.5 42.7837
15 31.9729
19.5 51.7053
16.75 61.0445
17.5 45.3081
15.25 41.8053
17.25 35.8948
17.5 36.8393
16.5 42.6304
14.5 37.5466
18.25 48.2572
17.75 32.1707
17.75 41.2709
17 55.7155
18.25 40.6084
19.25 45.1109
13.75 36.0828
20.5 99.1519
18 59.4575
15 38.3894
20.25 41.6793
18.25 39.9105
17.75 44.1342
13.75 9.63395
18.75 46.9766
13.75 28.1086
19 46.9551
14.5 30.9962
17.25 34.8396
16.25 36.5202
17.75 50.5816
16 33.2379
17.75 40.8585
16.75 45.9079
14.75 37.9785
17.75 41.8996
18.75 42.5705
15.25 18.7937
13.75 36.1667
18.25 43.4982
14 38.4621
16.25 34.1535
18.25 45.6292
17.5 35.5029
12.25 22.2888
18 45.2642
16.75 43.6746
11.5 24.3183
16 36.8618
15 39.6401
17.75 46.4124
14 35.6872
14.75 38.132
16 40.7894
17.75 42.1126
15 32.189
17 56.0716
11 23.9012
14 29.3492
16.75 35.0645
18.75 38.8508
16.25 30.3495
17.75 40.9488
19 38.6313
20.5 50.8386
13.25 29.2848
15 36.31
16 35.9683
15.5 37.1181
20 53.571
17.75 35.5292
20 53.0549
18 43.5684
15.75 37.3833
13.25 33.5764
10.5 24.745
16.25 33.7993
14.5 39.4008
12.5 32.0432
17.25 42.857
12.25 30.4165
17.75 45.53
15.5 37.5729
19 47.6631
15 37.441
20 78.6043
20 66.7262
20 55.0326
16.5 34.6867
17.25 43.4418
19.75 47.887
14.75 32.2843
17 44.1947
17 41.1419
17.5 51.7769
15.75 33.5984
16.75 38.6689
19.5 40.4721
19.5 51.4826
20.25 48.9224
18 44.9879
14 33.5561
17.75 45.0645
15.25 60.0034
16.75 34.3519
17.75 36.1105
17.75 36.0231
15.5 34.6958
20.25 34.8944
18.5 39.4953
16.75 34.1827
19 56.3042
14 36.4961
16 70.3313
16.25 43.6846
18.75 39.27
18 51.7725
18.75 45.8888
18.25 41.1606
18 42.0152
16.25 43.7235
14.5 40.3985
15.75 37.5413
16.75 38.9563
10.5 29.696
16.5 38.0543
17.5 85.3757
14.5 30.4779
17.75 24.6339
17.5 41.1303
15.75 33.3532
17.25 35.6029
19.75 42.1772
14.75 33.583
20.5 47.3542
17.5 63.1309
17 44.7856
17 39.4692
13.5 28.189
14.5 32.6344
15 31.9906
18.75 49.6547
18.25 43.1279
15.75 42.0564
17.25 40.9438
13.25 27.7755
19.75 47.8491
18 48.0079
15.25 42.7063
18.5 37.5256
18 48.2354
18.5 52.3935
13.75 27.8339
14 32.8383
15.5 38.3532
17 35.746
20.25 48.6212
16.5 36.2618
13.5 28.224
14.25 40.2024
19 55.5036
17.5 42.6428
17.25 58.9079
11.25 23.658
17.25 23.8238
15.25 31.9018
17 42.231
16.75 44.233
16.75 42.5007
12.25 24.7253
17 35.67
11.5 37.4973
17.75 35.597
14.75 33.2569
17.5 44.7887
18.25 37.7753
16.5 40.3467
16.25 32.788
13.75 34.1871
16.25 32.9941
18 35.5885
16.5 85.342
20.5 53.8367
18.25 37.6474
19.5 45.9429
20.5 59.6185
17.5 37.0322
14.75 30.4547
14.25 30.4903
19.25 47.0044
15 35.4072
15 42.6763
16.5 29.105
15.5 31.4452
18 36.4396
12.5 46.2786
16 44.267
17 38.8335
19.5 45.5492
16 41.8833
11.5 24.7012
17.75 37.4053
14.5 30.8978
16.75 35.2982
18 46.9996
12.75 27.3558
14.5 36.2069
16.75 33.6592
14.5 33.927
11.75 25.3996
16.75 39.779
13.25 29.1977
17 47.4043
12.75 25.8675
19.25 39.4161
14.25 55.6667
18.75 39.0329
17.25 39.8132
19.5 46.0366
20 73.1236
15.5 38.4649
17.75 48.5434
18.25 46.481
16.75 43.3425
17.25 35.6089
17.5 40.196
16.25 44.7376
18.5 42.4564
17.25 44.6166
14 29.3078
16.5 42.2588
19.25 38.9214
17 68.9003
14.5 37.7789
16.25 40.0674
19.5 47.1992
17.75 45.3053
16.25 38.6702
17.5 43.9369
17.5 45.1618
16 32.6838
14 29.0159
17.75 45.1988
14.5 34.7712
16 42.9059
18.75 48.1724
15.25 33.0391
13.25 31.4889
15.25 32.3474
20.25 42.0144
15.75 36.6707
14.75 35.4699
19.25 49.998
17.5 46.1001
14.75 37.4549
12 24.9754
18 45.297
17.75 93.7409
11 23.9314
15.5 31.3107
17.25 43.5717
16.75 35.2644
20.25 48.6556
19 73.0135
14.25 26.1868
20.5 45.0905
19.5 46.1552
13.25 31.307
19 47.0626
18.5 43.3188
14.75 35.8117
13.5 35.6671
15.75 36.4761
15.75 50.0864
18.5 45.8114
17.25 40.0575
17.75 35.906
16 38.4594
18.5 42.0743
12.25 24.7533
15.5 31.4551
15.25 32.3938
17.25 66.0694
11.5 20.3493
13.5 27.24
18.75 67.0902
13 28.2165
16.25 43.7448
16.25 24.7245
15.25 32.1691
15 58.9009
16 37.5913
16.75 30.5653
16.75 34.3732
19.25 46.0007
17.5 77.364
18.75 39.3248
16 37.6901
17.75 39.0581
12.75 25.5694
12.25 28.9993
14.25 36.2563
19.5 77.3836
14.75 34.4206
17 35.9959
18.25 36.9276
16.5 40.1435
19 41.6859
13.25 32.3141
17.25 42.9151
16.75 45.3423
14.75 34.7686
18.25 43.6334
18.5 51.8624
16.75 40.5921
16.75 28.4882
16 39.8787
15.5 34.4303
14.75 37.5956
16.75 35.3084
19.75 55.7142
16.5 34.505
15.5 38.9515
15 31.9678
16.25 38.2278
15.25 31.6822
14.5 35.2686
13.5 27.2029
20 45.8619
14.5 29.4883
15 45.1729
19 52.2778
12.5 35.1416
20.5 32.8007
15 26.5485
18 43.0038
16.5 71.1191
16.5 57.7068
14.25 29.0139
16.25 47.0258
17.25 34.8377
17 24.8545
17 33.437
17.75 44.6363
17.5 37.4894
17 38.0551
16.5 41.2092
16 37.6612
20.5 52.5927
18.25 37.0283
17 34.534
14.25 35.0784
13 26.0333
17.75 52.3655
15.25 45.1777
15.25 30.9114
15 19.2613
12.75 19.4423
14.5 29.6143
13.75 34.1853
16.5 38.6831
17.75 29.6967
11.75 24.038
15.5 30.6383
15.5 34.8733
16.25 45.9931
16.5 33.258
18.75 48.0973
18.5 37.2282
18.5 53.0179
15 35.4649
14.75 30.466
16 39.4462
15.25 36.8413
17.25 35.8359
20.5 40.3628
16 36.1812
15.75 98.6346
12.5 34.7507
18.75 41.5625
17.25 56.7812
12.75 27.2796
16.5 38.2018
20.25 47.7258
15.5 27.7808
15 28.6092
19.5 84.7225
19 50.1398
10.25 21.2199
13.75 34.1456
19.75 51.5552
18 41.2205
18 40.2791
18 47.1956
18.75 62.7374
17.5 47.0402
14.5 30.0148
18.75 38.4349
17 41.4897
15 36.5461
16.25 37.1324
15.25 36.4913
16.75 33.8076
19 33.4828
14.75 30.7997
12.5 31.6424
13.75 22.0123
18 27.4333
18 43.4314
16.75 62.8841
17.5 12.878
16.5 42.9706
18.5 42.627
14.75 31.055
17.25 40.496
15.25 32.1011
17.5 45.4489
15 31.4875
17.75 39.1751
17 37.5841
16 37.9207
17 35.8929
11.5 23.203
19.5 46.9775
18 38.978
14.5 30.6195
16.25 24.2531
15.5 32.4935
16.25 35.8838
16.75 33.8466
15.25 22.5689
16.75 44.6063
11.5 43.1885
11.5 33.7147
11.5 57.1857
18.75 38.1831
19.75 55.2537
19.25 39.413
17.25 39.8046
12.5 26.3081
17.5 46.0836
11.75 24.701
19.25 38.76
14.5 29.1625
17 35.3373
18 55.0239
15.5 34.1199
15.75 37.3959
15.25 25.9057
16.75 35.1816
16.75 41.2124
18.25 45.1595
17.75 36.5578
17.5 47.0351
20 4.59325
16 35.1333
16.25 38.0281
17 42.2646
19.25 53.1685
15.75 35.8606
18.25 43.9044
15.25 36.8988
17 34.3203
16.25 72.9735
16 31.2234
20 48.8174
19.5 47.6236
17 70.546
16.75 39.7364
15.75 38.075
17 45.4441
18.75 44.5637
16.75 35.5874
16 39.6118
15 42.4177
11.5 23.1253
16.5 36.4689
15 38.2393
13 26.3543
12 31.4182
17.25 34.719
17.5 35.4238
18.75 66.5562
19.5 45.6623
15.75 31.9669
18.25 47.6422
16.5 37.9789
18 40.8576
15.25 46.6578
18 37.8431
10.5 17.9396
14 23.691
16.5 33.7484
14 71.2687
15 30.63
17 56.1238
15.5 33.8333
16.5 34.4946
15.5 32.0901
15.75 37.1992
18 37.6629
17.5 37.22
18.75 50.1789
16 38.675
18.5 38.2493
13.25 30.5883
14.5 43.97
14.25 29.8437
14.25 22.1543
17.25 45.7611
15 36.6829
13.25 32.5043
15.25 35.3473
17.75 39.8942
19.75 64.2086
13.25 21.1032
18.5 44.3439
17 45.0684
16 36.4196
11.5 30.4551
16.25 35.723
16.5 50.4255
17 42.0383
13 32.0473
14.5 30.4801
17.25 37.151
14.25 29.0755
15 35.212
15.5 25.9487
19.25 61.9719
17.75 44.7771
13.5 25.0222
17.5 50.4142
15 31.7442
16.75 45.3542
13.5 28.122
16 33.289
16.25 34.2468
18.25 68.7124
12.25 26.544
14.25 37.6116
17.25 99.7997
17.25 61.0216
16.75 39.544
16.5 42.0224
17.5 36.1808
20.5 42.2352
18.25 51.9716
13.75 32.8835
17.5 32.2607
14.75 29.6535
19 39.76
18 42.9471
19 42.8546
16.5 47.3543
16.75 46.3225
16.75 38.2297
13.25 27.795
14.75 25.8322
18.5 44.7386
18.5 84.565
13.5 31.2396
15.5 31.2083
17 43.0559
13.75 28.9994
15.25 44.0668
20.25 56.6295
17.75 42.7716
15.25 35.8899
15 54.0567
16 28.4323
16 42.2459
15 38.9051
15 31.7625
13.75 28.8497
11.25 23.4213
12.25 20.7587
18.25 42.5329
17.5 35.8924
18 44.6139
17.75 54.5235
16.75 38.2327
15.25 32.8244
15.25 -29.6892
17.25 37.7734
15.25 37.4515
18 29.8249
14.5 37.4324
19.25 49.3815
15.5 34.0663
14.5 29.3692
18 43.9143
13.25 33.5484
17.5 42.6872
19.25 43.1064
15.5 32.301
16.5 39.7577
15 30.3508
12.75 30.2371
16.75 37.7651
18.5 76.0501
12.75 26.1991
15.25 43.438
19 41.6092
14 29.9884
18.5 42.2518
18.75 35.8051
14.25 30.8216
18.25 56.4375
13.25 21.6335
16.5 34.4238
15.75 32.3105
18.75 44.137
19.75 67.4443
13.5 27.3094
11.5 24.3473
16.5 33.6477
15.75 38.2541
17.75 36.565
19.75 52.804
14.25 28.1348
20.25 41.9342
13.5 35.1115
12.25 22.7706
16.25 32.5117
16.75 39.5494
16.5 33.3833
15.25 31.8867
13.25 47.3833
12 24.4727
14.75 32.4238
15.25 26.4337
15 30.6986
17 67.5238
16.25 34.4202
19.75 43.7975
16 40.2971
14.25 25.6776
17 47.862
18.75 47.4386
14.75 34.4233
12.25 26.9238
14.5 35.8329
16 19.9159
13 31.5196
18 35.7272
18 57.2629
13.75 32.5909
16.25 31.4458
14.75 30.7265
11 22.2807
19 41.5858
14.75 36.8406
14.5 30.2008
18 37.9354
14.5 36.4334
16.25 42.4764
11 22.3186
15 27.379
18 43.7262
12.25 25.2914
17 63.6217
17.75 41.8116
15.75 32.99
15.75 33.4401
18 61.1704
14.5 34.3238
18.5 43.1798
18.5 55.1886
15.5 42.5295
18.25 46.2403
16.75 38.3486
15.25 36.7141
16 39.0389
18.5 64.702
14 28.7819
18.25 41.9762
16.25 53.7261
17.75 43.6201
17.75 34.2261
18.5 25.3456
15.5 36.1036
17.5 46.3045
16.75 34.6267
10.25 20.9045
16.75 32.3158
20 46.5642
18 36.1426
14.5 30.9251
14.25 28.7195
14.5 29.769
19 42.0825
10.25 27.5819
15 31.6201
15.75 35.5752
15.75 33.3018
15.5 32.7512
17 34.3905
15.5 36.2275
15 28.5973
14.5 30.2005
13.5 62.3821
18.5 48.4581
17.75 43.5012
16.5 33.0095
15 32.8474
13.5 27.5744
16.25 30.816
18 46.4238
16.5 30.9323
18.25 41.5487
18.75 41.4332
13.75 28.201
15 31.7441
20 40.5703
16 32.591
18.25 24.0649
19 39.9154
16 44.8667
14 29.6574
11 22.8657
11.25 19.506
16.5 36.2234
13.75 34.1042
16 35.3802
17.75 42.7253
13.25 30.4251
15.5 32.075
15.5 39.9677
14.75 33.3882
13 31.4074
13.25 27.2614
14.5 32.4772
17.5 36.3962
17.25 42.5804
16.5 33.0234
16.5 33.5464
15.5 36.2928
17.5 89.8333
13.5 27.2965
18 39.9254
15.5 32.3514
16.25 34.2401
11.5 23.5518
15.25 31.5954
16.75 33.8104
14.5 29.1543
18.25 41.0283
14.75 29.7258
17 39.9312
15 31.7216
12.5 26.0916
13.5 27.9225
15.75 29.8779
13.5 27.0883
14.25 31.7243
16.75 42.921
16 32.3483
16 24.0835
15 30.4943
18.25 44.2719
15.25 39.2544
13.5 28.2558
18 42.5458
15 24.0018
14.75 30.5348
13.25 27.2576
15.25 31.5037
17.75 36.8882
11.75 23.536
13.5 17.5577
19 49.6043
15.5 32.3874
12.25 28.5545
14 29.7907
15.25 28.5921
15.75 41.1499
13.75 29.1959
17.5 53.4221
15.5 32.5765
10.5 20.3673
13 27.018
19 42.0124
16.5 38.1332
14.5 31.2495
18 39.3985
14.75 34.3006
17 40.6446
17.5 48.4078
17.25 44.5218
13 32.8381
14.5 30.5557
12.25 24.7593
13.5 29.9561
14.75 29.7899
13 61.2305
18.25 58.8135
15 34.9221
17 39.1294
17.5 54.633
18.25 37.5835
10.75 23.2941
14 37.7639
13.25 33.2042
19.5 73.4336
18.75 38.9789
15.75 47.4183
17 26.6055
15.25 29.4862
10.75 23.3825
12.25 41.4165
18 37.2802
13.5 29.3853
15 28.382
16.75 43.2527
13.25 27.4165
15 34.5271
13.5 27.6052
15.5 43.2876
17.75 41.8207
17.5 45.2979
17 35.9436
17.25 42.2477
16.5 37.9738
16.25 8.91031
17.25 43.5816
17 39.0711
15.5 35.0899
15.75 58.0769
15.75 47.4627
15.75 71.4124
18.75 63.0591
16 33.0674
16.25 40.5444
15 35.9462
18 57.0408
20 45.65
12.25 22.9589
16.75 33.5868
15.5 31.2093
16.5 37.7257
17.25 33.6114
15.25 34.1612
14.5 30.5683
16.25 34.8211
16.25 41.3468
19 38.4651
16.25 34.2033
17.25 49.5926
16.25 47.6661
17.5 46.3519
19.5 49.1957
15.25 44.4472
19 38.2536
17.75 45.9237
13 24.1044
15 31.851
17 41.5951
19.5 46.9931
15 30.4959
17.25 34.8871
13 26.0632
13 26.2243
18.25 45.7583
11.5 23.1803
15.5 30.9065
16 21.7658
19.25 39.9748
13.75 33.1088
13.75 30.8005
15 31.4537
14.5 33.5942
13.5 29.9654
17.5 46.4745
13.25 33.5632
12 25.569
16.25 54.214
16.25 41.8978
16.25 65.7583
15 40.4253
16.5 34.9878
15.75 34.189
17.5 42.9111
13.75 29.3654
13.75 31.959
16.75 42.6287
16.75 54.174
16.75 67.0707
15 28.5699
15.5 69.9337
15.5 46.5008
15.5 58.0491
17.75 51.4209
15.25 31.0342
14.5 32.0627
17.75 44.5976
17.5 39.5271
17 35.4264
15.5 32.1744
17 34.5343
17.25 35.1357
11.75 24.0015
13.75 32.1787
13.75 27.6608
17.75 33.0618
15 28.4974
15.75 33.2297
13 36.4202
19 39.9719
14.5 35.1265
18.25 46.8901
16 32.2555
17.25 34.7022
16 39.6625
18.5 45.0227
18.25 52.8025
14.75 31.8398
16.25 45.4766
15.75 42.0955
16.75 39.1342
16 36.1488
12.5 25.2889
17.5 37.3382
12.25 26.1015
16.75 43.5916
12.75 26.6986
13 26.8966
17.75 37.2808
17.75 43.0817
19.25 38.571
15 36.5445
14.5 30.4945
15 30.6991
15.25 31.9614
18 44.8384
16.25 38.1568
13.5 12.2117
13.5 32.3803
18 41.6655
19.75 40.2597
14.5 32.1846
15.25 41.1782
19 39.0152
14.75 35.6389
13.75 29.3506
15.5 37.1346
19.75 78.663
19.75 54.8102
19.75 66.592
15.25 36.331
19.25 39.1482
14.25 28.7125
15.25 31.0133
15 30.5624
11 23.8141
18.75 33.5606
18 36.9753
14 26.4161
17.5 49.8624
12.75 16.5791
16.25 35.6886
16.25 41.2052
12.75 28.734
19.5 54.761
16.75 34.3938
19 38.7499
16.5 36.5475
16 43.2886
14.25 21.9644
18.75 28.9096
15.75 34.4492
12.25 24.5129
14.25 28.5878
15.25 38.2463
18 36.13
12.25 26.4384
14.25 32.0233
15 59.2186
16 32.0736
15.25 40.4745
18.75 49.5422
15 38.8493
16.75 59.7739
15.25 34.7399
16 61.4591
16 89.7567
18.75 48.5157
15 33.8246
12 24.0044
10.75 23.0298
16.75 36.5793
15 39.5396
13.25 27.4622
17.5 35.1688
16.5 32.3953
15.75 27.1042
15.75 65.5935
15.75 54.8156
15.75 78.7124
17 35.0537
14.75 30.2906
15.5 32.6866
14.5 30.0665
16.25 33.3784
17.25 40.1383
15.75 39.1181
19.25 44.0349
17 34.0283
15.5 42.8172
11.25 16.079
14.75 34.8249
15.25 24.3556
14.75 31.1123
15.25 31.2749
18 48.9704
20 40.1108
16.5 31.1311
17.75 53.8712
16.5 36.4039
15.25 30.573
14.75 25.3323
16.75 34.1587
16.5 36.1084
11.5 24.1198
18.75 50.6209
14.5 37.012
13 31.0534
15.5 40.0378
12.5 25.5098
17.5 34.2064
16.25 33.2998
16 72.0456
14.75 78.2352
16.25 40.8946
18.25 54.0053
15.5 31.8495
15.75 35.1141
16.5 34.1671
14.75 35.7771
16.75 38.8117
15.5 27.5669
19.5 44.475
16.5 33.5844
17.25 29.4143
16.75 34.4481
16 40.4028
15.5 39.5732
15.75 32.5167
19.75 40.7705
18 37.1939
17 35.0898
16 59.8399
18.5 38.8526
12.75 24.6114
15.25 48.1302
14.75 30.1801
10.5 22.0753
17.25 44.4053
17 34.4262
15 34.7325
20.25 42.2235
15.5 32.2261
12.25 25.3856
14.75 36.8697
17 42.5287
14 33.5357
17.5 36.9871
15.75 36.4092
14.25 51.9904
12.75 26.3649
19.5 59.3524
16.5 41.3197
16.25 33.5381
19.25 50.5194
16.75 34.9448
17.5 45.5204
13.5 23.0138
17.25 43.9982
16.75 34.503
15.25 32.3887
19 47.4291
15.75 31.5927
13.75 28.0678
17.25 56.9071
16.5 34.0995
14.75 29.4116
16.5 33.7806
12.75 26.617
13 27.7621
10.5 22.2068
16.25 38.4751
19.25 50.5836
17.5 72.9329
14.5 30.5878
14.25 35.8455
19.75 41.0254
15.75 37.1378
14.75 31.9595
16.75 35.1437
18 42.4214
18.5 33.9517
15.25 30.7858
14.25 30.4152
15 30.8341
16.75 35.0123
14.5 28.1735
18.25 60.5421
15.25 23.4138
16.75 38.9211
17.25 53.8628
15.25 33.844
14.5 30.4053
14.75 32.387
14 9.93971
17.5 43.4943
14.25 30.1047
14.25 35.0068
16.75 33.7864
14 28.2392
14.25 29.3148
16.5 34.4933
18.25 37.4413
14.5 23.9316
19.25 40.4262
15.5 34.2911
19.25 39.0316
16.75 34.9515
16.5 34.8419
18.25 37.1271
16.25 28.9521
16 37.8965
18.5 45.8097
14.5 30.381
16 31.6811
14.75 31.086
19.75 40.3933
15.75 35.2722
17 51.8427
15.25 31.8533
13.5 28.813
14.75 32.9532
18.5 39.7103
16.5 45.5618
13.25 28.1387
16 38.205
13 32.7112
14.5 29.7609
13.75 28.9823
18 10.597
16 39.1826
17.75 41.9053
18.25 43.1037
17.25 38.6586
14.75 30.8295
15 43.8464
20.25 49.8455
18.25 43.4731
19.5 40.8817
19 84.8246
17.25 35.9609
15.5 31.9769
19 50.1302
15.25 37.6119
18.5 38.7963
14.5 29.0977
14.25 36.4318
19.5 46.2491
17.75 36.4888
12.75 41.7631
13.75 28.1044
15.75 32.1188
19.5 40.8191
18.75 38.1358
15.25 24.2858
18.5 44.7693
15.5 37.8458
14.25 29.0089
16.25 32.7187
14.75 30.8955
16.25 34.0195
18.25 43.3059
16.75 32.9694
14.75 33.932
15.5 37.176
14.5 29.8631
16 32.458
15.25 41.8316
13 42.7708
13 52.7716
13 66.2186
14.25 28.5937
9.5 20.3122
19.75 40.3278
15.25 34.8346
16.25 38.7259
12 26.84
14.25 37.5759
18.75 38.4213
18.75 39.1787
18.5 40.4081
18 37.5257
17.25 34.745
15 33.854
17.75 44.6874
18.5 38.2748
14.75 29.9253
15.5 40.3039
17 34.5385
19.25 39.9097
19.25 39.9703
17.5 37.748
16.5 38.0633
16.25 38.8521
17 34.0815
16.25 40.8378
16.5 39.7538
16.75 53.4
14 62.909
17.25 35.5653
15.75 32.3704
12.5 26.9357
18 71.0423
18.5 45.9054
12.75 26.2635
16.75 34.8567
16.75 14.2559
19.75 49.2362
17 73.9895
16.5 35.5972
12.5 28.9474
15.75 55.6477
13.25 29.1472
17.5 36.6126
15.5 32.3603
17 53.2895
15.25 12.5662
12.25 26.2856
19 84.4577
14.5 29.1807
18.75 37.9296
18.25 36.5065
19.75 34.5448
11 27.3599
11.5 24.8068
14.5 20.6923
14.5 30.7215
14.5 30.2949
17.75 36.3554
15.5 33.3161
14.75 34.1011
19 41.9233
15.5 36.9405
14.75 44.1913
14 29.0696
14.5 29.6677
18.75 26.8906
16.5 34.7612
19 43.1987
20.25 39.3895
15 30.5352
16.25 40.4444
15 30.5132
13 26.3436
16.5 42.8404
14.25 24.9597
18.5 39.2026
13.5 27.1289
18 46.0489
17.25 36.3325
15.5 36.1265
15.5 38.9106
17.25 30.986
11.25 28.9102
14.75 29.881
16.5 34.6458
12.25 26.219
12.25 26.196
13 9.76688
10.5 21.5744
15.5 39.2165
16 77.0508
15.5 31.3002
13.5 30.3569
17 34.82
17 34.2087
13.75 27.7363
16.25 40.6866
14.75 27.8317
15.75 41.6574
18.5 85.5214
14.5 22.5752
16.25 32.8172
15.5 51.3245
15.5 64.8352
15.5 41.4066
16.25 42.4444
16.5 28.1748
16.5 32.6457
14.25 30.0491
16 55.9093
14.75 27.4305
17.75 44.952
15.5 31.3078
14.75 38.7856
18.75 57.8833
14.25 25.2302
15.75 32.4109
15.75 11.0089
16.25 52.1442
15 36.4148
16.25 34.1923
12.75 25.6951
16 46.9588
15.75 40.7472
15 29.3718
13.25 27.1608
17.75 45.9513
18 45.052
19 103.767
19 74.3906
19.75 40.0272
18.25 36.969
19.25 38.9072
17.5 19.4521
16 33.8091
14.75 29.5613
14.25 29.5595
17.25 38.4293
14.25 72.0574
17 33.3376
16.75 34.3064
16.75 33.9878
18.5 42.8888
18 37.2222
15 34.086
18.25 43.7375
20 25.7069
15.75 36.821
16.5 34.2319
19 55.8442
17.25 34.5759
18.75 38.4241
19 47.0176
19.5 40.8613
18.25 36.685
15.5 35.8372
14 34.4492
14.5 30.6821
13 12.6795
14.25 37.8385
15.5 39.2277
16.5 33.5185
14.25 28.7884
19.75 56.5193
15.75 32.8751
16 40.8329
11.5 23.2405
15.5 28.7896
18 69.0381
15.75 67.5859
15.75 95.5094
15.5 32.4573
13.5 33.3565
12.5 27.8874
14.5 53.1156
14.5 42.2961
14.5 66.3687
20.25 91.7017
14.5 30.6932
15.5 29.4348
16.75 35.4253
12.75 27.2691
15.75 40.5897
18 36.1904
14 32.7379
17 62.0186
18 44.0496
16.75 34.9858
14.75 33.8769
12.25 20.8162
15.5 42.9381
11.25 23.7276
19.75 46.3624
16.5 34.5936
15 31.4068
19.5 50.7526
16.25 40.39
12.5 26.3012
15.5 32.79
13.25 54.2242
14.5 29.5824
17.5 30.5157
15 31.8023
17.25 50.1728
20 41.3746
14.75 29.8707
16 33.1078
19.25 47.575
17.75 43.1483
11.75 19.8244
16.25 37.1462
16.5 44.3514
15.75 41.6748
14.25 29.5599
17.5 35.3416
18.5 37.1838
16 37.7704
18.5 43.662
14.5 30.6864
15.5 44.795
13 65.9444
12.25 36.4968
18.75 39.0166
12.25 30.4087
17.25 40.7792
15.75 36.7272
14.25 29.1099
15.5 32.1623
16 32.5707
9.75 19.8999
17.75 36.0102
9.75 16.7954
16.25 34.046
12.25 24.7014
15.25 40.985
13 26.9206
14.5 37.3193
12.5 25.2662
17.5 44.6723
16 71.2593
17.75 38.8888
18.25 37.6991
15 37.1851
17.25 36.1374
12 24.2591
20 41.291
19.5 51.3881
17.75 36.5925
14 43.4143
15.5 30.7799
20 52.1802
15.5 38.7439
17 40.6325
14.75 31.5258
17.5 43.0867
17 66.3647
15.5 38.7911
15.75 43.975
16 10.5582
18.25 45.301
13 23.7113
16.25 42.4308
15.75 33.0453
14.5 16.6944
18 32.5536
13.75 28.2036
16 33.1082
15.25 30.7052
17.75 36.4698
19.75 27.416
14.75 37.7526
17 34.0371
18.75 42.1165
16.75 42.4057
19 39.6745
13.75 36.7719
15 69.2922
16 33.4958
16.25 33.8866
13.75 28.3027
19 47.8749
16.75 45.177
17.5 53.3265
17.25 52.8193
13.25 28.1661
16.75 37.3068
13.75 32.498
14 32.2235
18.75 51.2684
10.25 20.5309
17 35.8798
13.5 28.695
20 41.9182
12.25 22.1537
17.75 49.5597
16.75 33.5069
14 28.1287
16.75 46.0824
16.5 33.6678
17 44.3918
18 38.0818
16.75 42.5145
17.5 36.1356
16.25 41.4192
14.5 37.3687
15.25 35.5208
16.5 33.1559
19 47.9641
15.5 37.2285
15 33.9916
11.75 24.5372
19 41.4299
14.25 29.7773
19.25 27.317
17.5 40.9194
18.25 32.889
14.75 30.529
13.75 27.7138
15.75 32.9643
16.25 37.5813
18.25 46.8494
20.5 62.5899
15.5 32.7776
15 33.897
16.25 61.3691
16.25 33.8413
16.75 37.0901
13.25 27.3978
17.75 36.151
14.75 29.6898
15.5 43.9525
15.25 27.2487
16.25 46.7051
15.75 32.6319
10.75 29.3407
16.5 32.6754
17.5 42.3055
18.25 40.5965
16 81.0498
16.25 37.204
15 30.0379
13.75 28.6862
18.25 38.1244
15 30.927
17.75 52.9364
15.5 36.3336
19 53.1211
18 43.7944
16 35.8419
13.75 37.5353
14.75 34.0897
17 35.0631
15.5 37.2923
18 37.2299
18 37.2149
17 40.2286
19.25 40.5019
14.25 29.2369
14.25 13.0414
7.75 14.181
11.25 23.4268
16.75 33.9165
14.75 29.5189
17.75 48.6005
12.25 38.9285
16 37.4895
14.25 62.8484
18.25 41.1007
13.75 29.4775
15 32.3178
17 34.1354
16 35.037
18.25 37.805
15.25 29.1235
13.25 28.9988
14.25 33.2619
13.75 27.7965
16.75 41.7263
15.25 31.5155
18.25 45.5147
18.25 63.6016
14.75 38.3536
13.75 27.6674
12.75 29.5171
14.5 39.9635
14.5 78.3185
18.5 41.5241
14.25 36.4912
16.75 38.084
15.75 32.691
15.25 51.0838
16.75 39.4139
14.75 32.3844
15.5 35.0736
18.25 44.309
18.25 48.1651
17 34.5066
18 68.4117
16.5 34.7866
16.75 28.3662
14.5 43.3524
17 31.7861
16.75 33.752
12.75 26.3026
19.25 51.5696
15.5 32.4921
16.5 37.9078
14.75 31.4783
16.5 37.0082
18.25 37.9639
14.75 29.8775
12.75 31.681
17.25 42.3994
18.25 26.1684
15 31.7129
16 33.6296
12.75 4.05329
15.75 37.5483
16.25 38.1886
18 37.841
12.75 75.1349
15.75 31.8467
15 30.6555
14.75 37.7478
17 32.2439
14.75 33.3472
13 -15.9546
14.25 23.2153
15.5 39.5421
9.25 19.7079
14 25.8368
17 34.8528
14.25 28.5941
14 31.4135
13.25 27.8493
13.75 24.5887
17.25 34.606
18.75 64.3325
16.5 32.3436
13 27.1634
15.75 50.1368
17.75 39.512
15.75 33.0755
15.5 32.4994
17.5 38.7591
13.25 26.9757
16.75 42.0799
14.25 28.8984
14.5 34.3994
15 31.3465
13.75 27.7394
15.25 30.7485
16.25 34.1933
18.25 47.0373
18.5 37.7179
14 37.0956
18 42.8504
17.75 41.1376
17 54.5446
16.75 19.9499
14.75 30.7755
16.5 44.1532
16 32.3052
18.75 43.2672
17.25 38.9739
15 31.9606
18.5 46.7794
16.5 33.2711
17.25 44.699
17.25 80.3807
16.25 33.9345
15.5 32.632
15 19.8385
16.5 40.9486
16.75 26.0035
16.75 26.8477
15.5 32.4856
16.25 34.0461
16 32.038
18.25 48.6799
18.5 46.6912
15 30.2773
11 21.2201
13.75 23.4224
16.5 36.6565
16.5 33.2186
17 40.0136
14.25 21.5158
16.5 40.1513
12.75 18.0559
14 33.4978
18.25 39.9204
12.5 29.3876
8.75 8.66103
14.25 25.8733
15.5 38.2487
16.5 61.7577
14.5 30.1125
17.75 46.7662
12.25 25.7148
17 34.0122
17 40.0613
17 34.8468
16 33.0437
18.25 48.535
16.5 34.9781
15 16.3799
17.25 41.9032
19 40.3469
16.75 34.2212
15.5 40.1863
14 31.6287
13.5 27.9986
17.5 37.2441
17.75 36.6455
16.5 33.3337
15.25 32.6419
14.75 30.1338
12.5 39.4515
14.25 26.6002
14.25 34.0491
15.25 40.7448
16 33.4862
15.5 37.4352
13.25 28.3402
15 36.6227
15 37.2303
18.25 35.4874
14.25 29.0657
18 39.1547
16.5 33.2054
17 47.1477
15 30.7004
15.75 37.3958
16.75 37.244
15.25 32.3102
15 32.8509
16.25 43.5228
11 26.4961
13.25 31.5332
18.5 42.1033
18.5 37.2532
16 29.0606
17.25 47.69
20.25 42.1014
16.5 33.7381
16.5 33.8369
15.25 37.7387
14.75 38.4385
16.5 29.9372
16.75 53.974
18.25 36.7049
15 30.7745
14.75 31.0432
19.5 41.4529
19 38.6147
14.75 30.4963
15.25 32.1808
16.25 32.8685
14.75 30.4427
15.75 33.9302
17.25 36.3107
12 24.1399
16.25 37.1572
15.75 32.3628
18.25 38.2615
19 33.9944
19.25 44.3674
14.75 28.7884
15 31.1976
18.25 44.2377
19.5 40.0923
20 71.2959
17.5 51.5914
11.5 24.1169
15.25 31.5521
13.25 32.3854
19.5 40.4752
14.25 35.2585
17.75 42.8252
14.5 33.8538
16 32.2774
18.25 45.8621
16 32.3739
17.5 36.8205
18 37.379
16.5 46.0187
13 22.6074
14.25 29.5598
15.25 31.094
11.75 24.8095
12.5 26.2382
10.25 21.0436
19 70.044
19.25 77.2899
19.25 54.4917
19.25 64.7471
18.5 38.115
15.25 41.5183
19.25 45.1512
14.25 28.8125
19 54.9139
19 55.5718
14.25 30.2632
17 40.5067
14.75 30.0557
17.25 35.3153
19.5 54.2943
16.75 41.3737
15.75 32.5357
16 42.3957
18.5 45.8994
20.5 42.3131
17.75 33.9315
14.25 33.8158
14.25 31.1567
17.5 43.4544
14.75 29.6359
12.25 31.7869
16.25 37.8231
11.25 24.0868
17.25 36.7857
17.75 42.9374
17 27.6748
16.75 54.9159
14.25 28.7981
15.75 24.8885
14 29.1281
13 27.413
17 33.5536
13 29.3279
19.5 50.6363
16.75 41.9497
14.75 41.6138
16.25 33.9888
16 42.0158
18.75 38.9691
17.5 41.5681
14.5 29.473
16.25 36.6783
14.5 28.4701
15 31.0347
14.5 30.1304
17.25 38.8067
16.25 33.7297
17.5 36.1346
18.25 50.8347
16.75 37.0123
14.5 21.5004
15 35.8881
18 40.2233
17.25 62.541
16.5 34.5046
17.5 40.21
17.5 40.1287
15 30.9141
16 33.4482
14.75 38.2989
14.75 29.5422
17.5 50.478
14.25 29.8842
15 31.5167
16.75 37.3939
10.5 21.1259
18.5 39.3606
18.75 37.8382
13.25 29.4265
17.25 36.3992
13 26.6423
16.75 21.3502
18.5 42.0743
18.75 50.7061
13.25 27.4733
20.75 42.0296
14.5 37.2625
15.25 30.703
14.75 39.0901
14.25 33.4211
16.5 38.8222
