19.2322 49.9811
19.5121 49.8715
19.7635 49.722
20.1963 49.4373
20.4318 49.2437
20.6626 49.0546
20.7947 48.9647
20.9295 48.8512
21.0592 48.7623
21.2613 48.636
21.2984 48.6187
21.3354 48.6014
21.3724 48.5841
21.4094 48.5668
21.7092 48.3957
21.8423 48.3377
21.8866 48.3184
21.9309 48.299
21.9753 48.2797
22.0196 48.2604
22.064 48.241
22.1083 48.2217
22.1527 48.2024
22.197 48.183
22.2414 48.1637
22.2857 48.1444
22.3301 48.125
22.3744 48.1057
22.4188 48.0864
22.4631 48.067
22.5074 48.0477
22.5518 48.0284
22.5961 48.009
22.6405 47.9897
22.6848 47.9704
22.7292 47.9511
22.7735 47.9317
22.8179 47.9124
22.8622 47.8931
22.9066 47.8737
22.9509 47.8544
22.9953 47.8351
23.0396 47.8157
23.084 47.7964
23.1283 47.7771
23.1726 47.7577
23.217 47.7384
23.2613 47.7191
23.3057 47.6997
23.35 47.6804
23.3944 47.6611
23.4387 47.6417
23.4831 47.6224
23.5274 47.6031
23.5718 47.5837
23.6161 47.5644
23.6605 47.5451
23.7048 47.5257
23.7491 47.5064
23.7935 47.4871
23.8378 47.4677
23.8822 47.4484
23.9265 47.4291
23.9709 47.4097
24.0152 47.3904
24.0596 47.3711
24.1039 47.3518
24.1483 47.3324
24.1926 47.3131
24.237 47.2938
24.2813 47.2744
24.3257 47.2551
24.37 47.2358
24.4143 47.2164
24.4587 47.1971
24.503 47.1778
24.5474 47.1584
24.5917 47.1391
24.6361 47.1198
24.6804 47.1004
24.7248 47.0811
24.7691 47.0618
24.8135 47.0424
24.8578 47.0231
24.9022 47.0038
24.9465 46.9844
24.9908 46.9651
25.0352 46.9458
25.0795 46.9264
25.1239 46.9071
25.1682 46.8878
25.2126 46.8684
25.2569 46.8491
25.3013 46.8298
25.3456 46.8104
25.39 46.7911
25.4343 46.7718
25.4787 46.7525
25.523 46.7331
25.5674 46.7138
25.6117 46.6945
25.656 46.6751
25.7004 46.6558
25.7447 46.6365
25.7891 46.6171
25.8334 46.5978
25.8778 46.5785
25.9221 46.5591
25.9665 46.5398
26.0108 46.5205
26.0552 46.5011
26.0995 46.4818
26.1439 46.4625
26.1882 46.4431
26.2325 46.4238
26.2769 46.4045
26.3212 46.3851
26.3656 46.3658
26.4099 46.3465
26.4543 46.3271
26.4986 46.3078
26.543 46.2885
26.5873 46.2691
26.6317 46.2498
26.676 46.2305
26.7204 46.2112
26.7647 46.1918
26.8091 46.1725
26.8534 46.1532
26.8977 46.1338
26.9421 46.1145
26.9864 46.0952
27.0308 46.0758
27.0751 46.0565
27.1195 46.0372
27.1638 46.0178
27.2082 45.9985
27.2525 45.9792
27.2969 45.9598
27.3412 45.9405
27.3856 45.9212
27.4299 45.9018
27.4742 45.8825
27.5186 45.8632
27.5629 45.8438
27.6073 45.8245
27.6516 45.8052
27.696 45.7858
27.7403 45.7665
27.7847 45.7472
27.9237 45.6737
27.97 45.6492
28.0163 45.6247
28.0627 45.6002
28.109 45.5757
28.1553 45.5512
28.2016 45.5267
28.248 45.5022
28.2943 45.4777
28.3406 45.4533
28.387 45.4288
28.4333 45.4043
28.4796 45.3798
28.526 45.3553
28.5723 45.3308
28.6186 45.3063
28.665 45.2818
28.7113 45.2573
28.7576 45.2328
28.8039 45.2083
28.8503 45.1838
28.8966 45.1593
28.9429 45.1348
28.9893 45.1103
29.0356 45.0858
29.0819 45.0613
29.1283 45.0369
29.1746 45.0124
29.2209 44.9879
29.2672 44.9634
29.3136 44.9389
29.3599 44.9144
29.4062 44.8899
29.4526 44.8654
29.4989 44.8409
29.5452 44.8164
29.5916 44.7919
29.6379 44.7674
29.6842 44.7429
29.7306 44.7184
29.7769 44.6939
29.8232 44.6694
29.8695 44.645
29.9159 44.6205
29.9622 44.596
30.0085 44.5715
30.0549 44.547
30.1012 44.5225
30.1475 44.498
30.1939 44.4735
30.2402 44.449
30.2865 44.4245
30.3328 44.4
30.3792 44.3755
30.4255 44.351
30.4718 44.3265
30.5182 44.302
30.5645 44.2775
30.6108 44.2531
30.6572 44.2286
30.7035 44.2041
30.7498 44.1796
30.7962 44.1551
30.8425 44.1306
30.8888 44.1061
30.9351 44.0816
30.9815 44.0571
31.0278 44.0326
31.0741 44.0081
31.1205 43.9836
31.1668 43.9591
31.2131 43.9346
31.2595 43.9101
31.3058 43.8856
31.3521 43.8612
31.3984 43.8367
31.4448 43.8122
31.4911 43.7877
31.629 43.7399
31.7683 43.7051
31.9057 43.6702
32.0452 43.6354
32.1828 43.6006
32.3224 43.5656
32.4602 43.5309
32.5999 43.4959
32.7378 43.4611
32.8777 43.426
33.0158 43.3914
33.1558 43.3562
33.294 43.3215
33.4342 43.2862
33.5726 43.2516
33.7129 43.2162
33.8514 43.1815
33.9918 43.146
34.1305 43.1113
34.271 43.0757
34.4098 43.041
34.5504 43.0053
34.5973 42.9934
34.6441 42.9814
34.691 42.9695
34.7379 42.9576
34.7847 42.9457
34.8316 42.9338
34.8785 42.9218
34.9253 42.9099
34.9722 42.898
35.0191 42.8861
35.0659 42.8742
35.1128 42.8622
35.1597 42.8503
35.2065 42.8384
35.2534 42.8265
35.3003 42.8146
35.3471 42.8026
35.394 42.7907
35.4409 42.7788
35.4877 42.7669
35.5346 42.755
35.5815 42.743
35.6283 42.7311
35.6752 42.7192
35.7221 42.7073
35.7689 42.6954
35.8158 42.6835
35.8627 42.6715
35.9095 42.6596
35.9564 42.6477
36.0033 42.6358
36.0501 42.6239
36.097 42.6119
36.1439 42.6
36.1907 42.5881
36.2376 42.5762
36.2845 42.5643
36.3313 42.5523
36.3782 42.5404
36.4251 42.5285
36.4719 42.5166
36.5188 42.5047
36.5657 42.4927
36.6126 42.4808
36.6594 42.4689
36.7063 42.457
36.9343 42.3827
37.1698 42.3148
37.4231 42.2424
37.6846 42.1692
37.9375 42.0953
38.1754 42.0174
38.4031 41.9441
38.6404 41.8761
38.8954 41.8033
39.1566 41.7302
39.4081 41.6559
39.6443 41.5779
39.872 41.5056
40.1113 41.4373
40.3678 41.3641
40.6286 41.2912
40.8784 41.2164
41.1131 41.1384
41.3411 41.0671
41.5824 40.9984
41.8402 40.9249
42.1004 40.8522
42.3486 40.7768
42.5818 40.6991
42.8104 40.6286
43.0537 40.5595
43.3127 40.4858
43.572 40.4131
43.8186 40.3372
44.0504 40.2598
44.2798 40.1902
44.5252 40.1204
44.7851 40.0467
45.0435 39.974
45.2884 39.8975
45.519 39.8207
45.7495 39.7517
45.9969 39.6814
46.2575 39.6077
46.5148 39.5348
46.758 39.4579
46.9876 39.3817
47.2194 39.3132
47.4688 39.2422
47.7299 39.1687
47.9859 39.0955
48.2275 39.0182
48.4562 38.9428
48.6896 38.8747
48.9408 38.8031
49.2022 38.7297
49.4569 38.6562
49.6967 38.5785
49.9248 38.5041
50.16 38.4361
50.4129 38.3639
50.6744 38.2907
50.9277 38.2169
51.1658 38.1389
51.3936 38.0654
51.6306 37.9974
51.8852 37.9247
52.1465 37.8517
52.3983 37.7774
52.6348 37.6994
52.8625 37.6269
53.1014 37.5587
53.3576 37.4855
53.6185 37.4127
53.8687 37.3379
54.1036 37.2599
54.3316 37.1884
54.5724 37.1198
54.83 37.0464
55.0903 36.9736
55.3389 36.8983
55.5723 36.8205
55.8008 36.7499
56.0437 36.6809
56.3024 36.6073
56.562 36.5345
56.8089 36.4587
57.041 36.3813
57.2702 36.3115
57.5152 36.2419
57.7749 36.1682
58.0335 36.0954
58.2788 36.0191
58.5096 35.9421
58.7399 35.873
58.9868 35.8028
59.2473 35.7291
59.5048 35.6563
59.7484 35.5794
59.9781 35.5031
60.2097 35.4346
60.4586 35.3637
60.7197 35.2901
60.976 35.217
61.2179 35.1397
61.4467 35.0642
61.6798 34.996
61.9306 34.9245
62.192 34.8511
62.447 34.7777
62.6872 34.7001
62.9154 34.6254
63.1501 34.5574
63.4028 34.4854
63.6643 34.4121
63.9178 34.3384
64.1563 34.2605
64.3841 34.1868
64.6207 34.1188
64.875 34.0462
65.1364 33.9731
65.3884 33.8989
65.6253 33.8209
65.853 33.7482
66.0915 33.68
66.3474 33.607
66.6084 33.5341
66.8589 33.4594
67.0942 33.3814
67.322 33.3097
67.5625 33.2412
67.8198 33.1678
68.0802 33.095
68.3291 33.0199
68.5629 32.942
68.7912 32.8712
69.0337 32.8023
69.2922 32.7287
69.5519 32.656
69.7992 32.5803
70.0315 32.5027
70.2606 32.4328
70.5051 32.3633
70.7647 32.2896
71.0235 32.2169
71.2691 32.1406
71.5001 32.0636
71.7302 31.9943
71.9767 31.9242
72.2371 31.8505
72.4948 31.7777
72.7388 31.701
72.9687 31.6245
73.2 31.5559
73.4485 31.4851
73.7095 31.4115
73.966 31.3385
74.2083 31.2613
74.4373 31.1856
74.6701 31.1174
74.9205 31.046
75.1818 30.9725
75.4371 30.8992
75.6776 30.8217
75.906 30.7468
76.1403 30.6788
76.3926 30.6068
76.6541 30.5335
76.9079 30.4599
77.1468 30.382
77.3747 30.3081
77.6108 30.2401
77.8648 30.1676
78.1262 30.0945
78.3786 30.0204
78.6158 29.9424
78.8435 29.8695
79.0816 29.8014
79.3371 29.7285
79.5982 29.6555
79.8491 29.581
80.0847 29.5029
80.3125 29.431
80.5525 29.3626
80.8095 29.2893
81.0701 29.2165
81.3194 29.1414
81.5535 29.0635
81.7817 28.9925
82.0237 28.9237
82.282 28.8502
82.5419 28.7774
82.7895 28.7018
83.0221 28.6242
83.251 28.5541
83.4951 28.4847
83.7544 28.4111
84.0134 28.3383
84.2594 28.2622
84.4907 28.185
84.7206 28.1156
84.9667 28.0457
85.2269 27.972
85.4848 27.8992
85.7292 27.8225
85.9593 27.746
86.1903 27.6772
86.4384 27.6066
86.6993 27.5329
86.9561 27.46
87.1987 27.3829
87.4279 27.307
87.6603 27.2387
87.9104 27.1674
88.1716 27.0939
88.4272 27.0207
88.6681 26.9432
88.8965 26.8682
89.1306 26.8001
89.3824 26.7283
89.6439 26.6549
89.8981 26.5814
90.1373 26.5036
90.3652 26.4295
90.601 26.3615
90.8546 26.2891
91.1161 26.2159
91.3688 26.142
91.6063 26.064
91.834 25.9908
92.0717 25.9228
92.3269 25.8499
92.5881 25.7769
92.8393 25.7025
93.0752 25.6245
93.303 25.5523
93.5426 25.484
93.7993 25.4107
94.06 25.3379
94.3096 25.263
94.544 25.185
94.7721 25.1138
95.0137 25.0451
95.2717 24.9716
95.5318 24.8989
95.7798 24.8234
96.0127 24.7457
96.2414 24.6754
96.4851 24.6061
96.7442 24.5325
97.0034 24.4598
97.2497 24.3838
97.4813 24.3065
97.7109 24.2369
97.9566 24.1671
98.2167 24.0934
98.4748 24.0206
98.7195 23.9441
98.9499 23.8674
99.1806 23.7985
99.4283 23.728
99.6891 23.6544
99.9461 23.5814
99.9554 23.5862
99.8519 23.454
99.8242 23.3864
99.7376 23.1928
99.5557 23.1299
99.4775 23.1165
99.2944 23.1407
99.1373 22.994
99.0821 22.9189
99.0627 22.768
98.8656 22.6455
98.7584 22.6179
98.646 22.6571
98.4317 22.548
98.3538 22.4429
98.3457 22.3519
98.1932 22.1691
98.0446 22.1304
97.97 22.1406
97.7471 22.1113
97.6346 21.9734
97.6009 21.9072
97.5312 21.7178
97.3426 21.6453
97.2601 21.6276
97.0914 21.6601
96.9213 21.5161
96.8614 21.4361
96.8491 21.2982
96.6559 21.1615
96.5411 21.1322
96.4403 21.1676
96.2189 21.0729
96.1355 20.9606
96.1238 20.8784
95.9869 20.6887
95.8293 20.6457
95.7562 20.6489
95.5402 20.6358
95.4176 20.4933
95.378 20.4268
95.3239 20.2444
95.1301 20.1606
95.0423 20.1395
94.8887 20.1775
94.7058 20.0388
94.6414 19.9531
94.6336 19.8284
94.4471 19.6779
94.324 19.6468
94.233 19.6769
94.0071 19.5981
93.9176 19.4787
93.901 19.4033
93.781 19.2094
93.6146 19.161
93.5412 19.1578
93.3345 19.1594
93.2008 19.0137
93.1555 18.9454
93.1155 18.7723
92.9183 18.676
92.8245 18.6522
92.6857 18.693
92.4908 18.5622
92.4219 18.4702
92.4161 18.3581
92.239 18.1949
92.1074 18.1617
92.0241 18.1854
91.7963 18.1235
91.6999 17.9971
91.6777 17.9267
91.5752 17.7316
91.4003 17.6763
91.325 17.6673
91.13 17.6819
90.9843 17.5347
90.9336 17.4633
90.9055 17.3013
90.7073 17.1915
90.6067 17.1655
90.4823 17.2066
90.2764 17.0861
90.2029 16.9874
90.1968 16.887
90.0316 16.7126
89.8912 16.6768
89.8134 16.6935
89.5869 16.6488
89.4825 16.5161
89.4543 16.4487
89.3693 16.2553
89.1867 16.1916
89.1081 16.1777
88.9264 16.2028
88.7681 16.0563
88.7124 15.9808
88.6938 15.8311
88.4969 15.7073
88.3891 15.6794
88.2778 15.7184
88.0628 15.6106
87.9843 15.5048
87.976 15.4147
87.8249 15.2311
87.6754 15.1921
87.601 15.2016
87.3787 15.1738
87.2653 15.0355
87.231 14.9693
87.1628 14.7805
86.9737 14.7069
86.8907 14.6889
86.7234 14.722
86.5522 14.5784
86.4918 14.4979
86.4801 14.3613
86.2874 14.2233
86.1717 14.1938
86.072 14.2288
85.85 14.1355
85.7661 14.0226
85.754 13.941
85.6187 13.7508
85.4602 13.7073
85.3871 13.71
85.1719 13.6983
85.0483 13.5554
85.0081 13.4888
84.9555 13.3072
84.7613 13.2223
84.673 13.2009
84.5207 13.2393
84.3367 13.1013
84.2718 13.015
84.2643 12.8914
84.0786 12.7397
83.9547 12.7084
83.8646 12.738
83.6383 12.6607
83.5482 12.5406
83.5311 12.4658
83.4128 12.2717
83.2455 12.2227
83.172 12.2189
82.9663 12.2218
82.8316 12.0759
82.7857 12.0074
82.7469 11.8352
82.5495 11.7377
82.4551 11.7137
82.3177 11.7546
82.1217 11.6247
82.0524 11.5321
82.0467 11.4211
81.8705 11.2567
81.7381 11.2234
81.6554 11.2464
81.4277 11.1861
81.3306 11.0591
81.3078 10.9891
81.207 10.794
81.0313 10.738
80.9558 10.7285
80.7619 10.7441
80.6151 10.5969
80.5639 10.5252
80.5368 10.3643
80.3385 10.2533
80.2373 10.2271
80.1142 10.268
79.9074 10.1486
79.8334 10.0493
79.8272 9.94986
79.6632 9.7745
79.522 9.73851
79.4446 9.75449
79.2183 9.71139
79.1132 9.57811
79.0844 9.51091
79.001 9.31784
78.8177 9.25331
78.7388 9.23898
78.5584 9.26494
78.3988 9.11855
78.3427 9.04265
78.3248 8.89415
78.1283 8.769
78.0197 8.741
77.9096 8.77971
77.6938 8.67314
77.6149 8.56672
77.6062 8.47746
77.4565 8.29317
77.3063 8.25374
77.2321 8.26259
77.0103 8.23639
76.896 8.09756
76.8611 8.03142
76.7944 7.84319
76.6047 7.76863
76.5213 7.75026
76.3554 7.78397
76.183 7.6408
76.1222 7.5598
76.1109 7.42435
75.9188 7.28505
75.8024 7.25537
75.7036 7.28993
75.4812 7.19808
75.3967 7.08448
75.3841 7.00365
75.2504 6.81294
75.0911 6.76903
75.0181 6.77101
74.8036 6.76077
74.679 6.61753
74.6383 6.5508
74.587 6.37
74.3924 6.28399
74.3036 6.26234
74.1527 6.30108
73.9675 6.16366
73.9023 6.07684
73.895 5.95446
73.7101 5.80155
73.5854 5.77008
73.4961 5.79903
73.2695 5.72332
73.1788 5.6026
73.1612 5.52832
73.0445 5.33399
72.8764 5.28435
72.8028 5.28001
72.5981 5.28422
72.4623 5.13806
72.4159 5.0693
72.3783 4.89813
72.1808 4.79941
72.0857 4.77515
71.9497 4.81622
71.7526 4.68713
71.6829 4.59391
71.6772 4.48405
71.5021 4.31863
71.3689 4.28505
71.2868 4.30742
71.059 4.2487
70.9612 4.12115
70.9379 4.05145
70.8387 3.85644
70.6623 3.79967
70.5865 3.78972
70.3938 3.80641
70.2458 3.65916
70.1942 3.58713
70.168 3.42732
69.9698 3.31496
69.868 3.2886
69.7461 3.32945
69.5384 3.21116
69.464 3.11114
69.4576 3.01274
69.2949 2.83646
69.1528 2.80018
69.0758 2.8155
68.8498 2.774
68.7438 2.64015
68.7145 2.57313
68.6327 2.3804
68.4488 2.31499
68.3695 2.30025
68.1904 2.32705
68.0296 2.18086
67.9731 2.10452
67.9559 1.95722
67.7596 1.83073
67.6504 1.80258
67.5413 1.84098
67.3249 1.73571
67.2455 1.62862
67.2365 1.54022
67.0882 1.35522
66.9371 1.31542
66.8631 1.32361
66.6419 1.29895
66.5267 1.15965
66.4913 1.09352
66.4261 0.905883
66.2358 0.830319
66.152 0.811611
65.9875 0.845905
65.8138 0.703166
65.7526 0.621644
65.7418 0.487423
65.5502 0.346826
65.4331 0.316986
65.3352 0.351071
65.1123 0.260676
65.0273 0.146406
65.0143 0.0662707
64.8821 -0.124894
64.722 -0.169285
64.649 -0.167919
64.4353 -0.176739
64.3097 -0.320321
64.2684 -0.387182
64.2185 -0.567171
64.0236 -0.654324
63.9342 -0.676237
63.7847 -0.637171
63.5984 -0.773917
63.5327 -0.861318
63.5257 -0.982498
63.3416 -1.13663
63.2162 -1.16827
63.1275 -1.13991
62.9008 -1.21406
62.8095 -1.33543
62.7914 -1.40921
62.6762 -1.60373
62.5073 -1.65396
62.4336 -1.65887
62.23 -1.6534
62.093 -1.79974
62.0461 -1.86876
62.0097 -2.03893
61.8051 -2.19121
61.8017 -2.21738
61.7982 -2.24354
61.7948 -2.2697
61.7914 -2.29586
61.7879 -2.32202
61.7845 -2.34818
61.781 -2.37435
61.7776 -2.40051
61.7742 -2.42667
61.7707 -2.45283
61.7673 -2.47899
61.7638 -2.50515
61.7604 -2.53131
61.757 -2.55748
61.7535 -2.58364
61.7501 -2.6098
61.7466 -2.63596
61.7432 -2.66212
61.7398 -2.68828
61.7363 -2.71445
61.7329 -2.74061
61.7295 -2.76677
61.726 -2.79293
61.7226 -2.81909
61.7191 -2.84525
61.7157 -2.87141
61.7123 -2.89758
61.7088 -2.92374
61.7054 -2.9499
61.7019 -2.97606
61.6985 -3.00222
61.6951 -3.02838
61.6916 -3.05455
61.6882 -3.08071
61.6847 -3.10687
61.6813 -3.13303
61.6779 -3.15919
61.6744 -3.18535
61.671 -3.21151
61.6676 -3.23768
61.6641 -3.26384
61.6607 -3.29
61.6572 -3.31616
61.6538 -3.34232
61.6504 -3.36848
61.6469 -3.39465
61.6435 -3.42081
61.64 -3.44697
61.6366 -3.47313
61.6332 -3.49929
61.6297 -3.52545
61.6263 -3.55161
61.6228 -3.57778
61.6194 -3.60394
61.616 -3.6301
61.6125 -3.65626
61.6091 -3.68242
61.6056 -3.70858
61.6022 -3.73475
61.5988 -3.76091
61.5953 -3.78707
61.5919 -3.81323
61.5885 -3.83939
61.585 -3.86555
61.5816 -3.89171
61.5781 -3.91788
61.5747 -3.94404
61.5713 -3.9702
61.5678 -3.99636
61.5644 -4.02252
61.5609 -4.04868
61.5575 -4.07484
61.5541 -4.10101
61.5506 -4.12717
61.5472 -4.15333
61.5437 -4.17949
61.5403 -4.20565
61.5369 -4.23181
61.5334 -4.25798
61.53 -4.28414
61.5266 -4.3103
61.5231 -4.33646
61.5197 -4.36262
61.5162 -4.38878
61.5128 -4.41494
61.5094 -4.44111
61.5059 -4.46727
61.5025 -4.49343
61.499 -4.51959
61.4956 -4.54575
61.4922 -4.57191
61.4887 -4.59808
61.4853 -4.62424
61.4818 -4.6504
61.4784 -4.67656
61.475 -4.70272
61.4715 -4.72888
61.4681 -4.75504
61.4647 -4.78121
61.4612 -4.80737
61.4578 -4.83353
61.4543 -4.85969
61.4509 -4.88585
61.4475 -4.91201
61.444 -4.93818
61.4406 -4.96434
61.4371 -4.9905
61.4337 -5.01666
61.4303 -5.04282
61.4268 -5.06898
61.4234 -5.09514
61.4199 -5.12131
61.4165 -5.14747
61.4131 -5.17363
61.4096 -5.19979
61.4062 -5.22595
61.4028 -5.25211
61.3993 -5.27828
61.3959 -5.30444
61.3924 -5.3306
61.389 -5.35676
61.3856 -5.38292
61.3821 -5.40908
61.3787 -5.43524
61.3752 -5.46141
61.3718 -5.48757
61.3684 -5.51373
61.3649 -5.53989
61.3615 -5.56605
61.358 -5.59221
61.3546 -5.61838
61.3512 -5.64454
61.3477 -5.6707
61.3443 -5.69686
61.3409 -5.72302
61.3374 -5.74918
61.334 -5.77534
61.3305 -5.80151
61.3271 -5.82767
61.3237 -5.85383
61.3202 -5.87999
61.3168 -5.90615
61.3133 -5.93231
61.3099 -5.95847
61.3065 -5.98464
61.303 -6.0108
61.2996 -6.03696
61.2961 -6.06312
61.2927 -6.08928
61.2893 -6.11544
61.2858 -6.14161
61.2824 -6.16777
61.279 -6.19393
61.2755 -6.22009
61.2721 -6.24625
61.2686 -6.27241
61.2652 -6.29857
61.2618 -6.32474
61.2583 -6.3509
61.2549 -6.37706
61.2514 -6.40322
61.248 -6.42938
61.2446 -6.45554
61.2411 -6.48171
61.2377 -6.50787
61.2342 -6.53403
61.2308 -6.56019
61.2274 -6.58635
61.2239 -6.61251
61.2205 -6.63867
61.217 -6.66484
61.2136 -6.691
61.2102 -6.71716
61.2067 -6.74332
61.2033 -6.76948
61.1999 -6.79564
61.1964 -6.82181
61.193 -6.84797
61.1895 -6.87413
61.1861 -6.90029
61.1827 -6.92645
61.1792 -6.95261
61.1758 -6.97877
61.1723 -7.00494
61.1689 -7.0311
61.1655 -7.05726
61.162 -7.08342
61.1586 -7.10958
61.1551 -7.13574
61.1517 -7.16191
61.1483 -7.18807
61.1448 -7.21423
61.1414 -7.24039
61.138 -7.26655
61.1345 -7.29271
61.1311 -7.31887
61.1276 -7.34504
61.1242 -7.3712
61.1208 -7.39736
61.1173 -7.42352
61.1139 -7.44968
61.1104 -7.47584
61.107 -7.502
61.1036 -7.52817
61.1001 -7.55433
61.0967 -7.58049
61.0932 -7.60665
61.0898 -7.63281
61.0864 -7.65897
61.0829 -7.68514
61.0795 -7.7113
61.0761 -7.73746
61.0726 -7.76362
61.0692 -7.78978
61.0657 -7.81594
61.0623 -7.8421
61.0589 -7.86827
61.0554 -7.89443
61.052 -7.92059
61.0485 -7.94675
61.0451 -7.97291
61.0417 -7.99907
61.0382 -8.02524
61.0348 -8.0514
61.0313 -8.07756
61.0279 -8.10372
61.0245 -8.12988
61.021 -8.15604
61.0176 -8.1822
61.0142 -8.20837
61.0107 -8.23453
61.0073 -8.26069
61.0038 -8.28685
61.0004 -8.31301
60.997 -8.33917
60.9935 -8.36534
60.9901 -8.3915
60.9866 -8.41766
60.9832 -8.44382
60.9798 -8.46998
60.9763 -8.49614
60.9729 -8.5223
60.9694 -8.54847
60.966 -8.57463
60.9626 -8.60079
60.9591 -8.62695
60.9557 -8.65311
60.9523 -8.67927
60.9488 -8.70544
60.9454 -8.7316
60.9419 -8.75776
60.9385 -8.78392
60.9351 -8.81008
60.9316 -8.83624
60.9282 -8.8624
60.9247 -8.88857
60.9213 -8.91473
60.9179 -8.94089
60.9144 -8.96705
60.911 -8.99321
60.9075 -9.01937
60.9041 -9.04554
60.9007 -9.0717
60.8972 -9.09786
60.8938 -9.12402
60.8903 -9.15018
60.8869 -9.17634
60.8835 -9.2025
60.88 -9.22867
60.8766 -9.25483
60.8732 -9.28099
60.8697 -9.30715
60.8663 -9.33331
60.8628 -9.35947
60.8594 -9.38563
60.856 -9.4118
60.8525 -9.43796
60.8491 -9.46412
60.8456 -9.49028
60.8422 -9.51644
60.8388 -9.5426
60.8353 -9.56877
60.8319 -9.59493
60.8284 -9.62109
60.825 -9.64725
60.8216 -9.67341
60.8181 -9.69957
60.8147 -9.72573
60.8113 -9.7519
60.8078 -9.77806
60.8044 -9.80422
60.8009 -9.83038
60.7975 -9.85654
60.7941 -9.8827
60.7906 -9.90887
60.7872 -9.93503
60.7837 -9.96119
60.7803 -9.98735
60.7769 -10.0135
60.7734 -10.0397
60.77 -10.0658
60.7665 -10.092
60.7631 -10.1182
60.7597 -10.1443
60.7562 -10.1705
60.7528 -10.1966
60.7494 -10.2228
60.7459 -10.249
60.7425 -10.2751
60.739 -10.3013
60.7356 -10.3274
60.7322 -10.3536
60.7287 -10.3798
60.7253 -10.4059
60.7218 -10.4321
60.7184 -10.4583
60.715 -10.4844
60.7115 -10.5106
60.7081 -10.5367
60.7046 -10.5629
60.7012 -10.5891
60.6978 -10.6152
60.6943 -10.6414
60.6909 -10.6675
60.6875 -10.6937
60.684 -10.7199
60.6806 -10.746
60.6771 -10.7722
60.6737 -10.7984
60.6703 -10.8245
60.6668 -10.8507
60.6634 -10.8768
60.6599 -10.903
60.6565 -10.9292
60.6531 -10.9553
60.6496 -10.9815
60.6462 -11.0076
60.6427 -11.0338
60.6393 -11.06
60.6359 -11.0861
60.6324 -11.1123
60.629 -11.1385
60.6256 -11.1646
60.6221 -11.1908
60.6187 -11.2169
60.6152 -11.2431
60.6118 -11.2693
60.6084 -11.2954
60.6049 -11.3216
60.6015 -11.3477
60.598 -11.3739
60.5946 -11.4001
60.5912 -11.4262
60.5877 -11.4524
60.5843 -11.4786
60.5808 -11.5047
60.5774 -11.5309
60.574 -11.557
60.5705 -11.5832
60.5671 -11.6094
60.5637 -11.6355
60.5602 -11.6617
60.5568 -11.6878
60.5533 -11.714
60.5499 -11.7402
60.5465 -11.7663
60.543 -11.7925
60.5396 -11.8187
60.5361 -11.8448
60.5327 -11.871
60.5293 -11.8971
60.5258 -11.9233
60.5224 -11.9495
60.5189 -11.9756
60.5155 -12.0018
60.5121 -12.0279
60.5086 -12.0541
60.5052 -12.0803
60.5017 -12.1064
60.4983 -12.1326
60.4949 -12.1588
60.4914 -12.1849
60.488 -12.2111
60.4846 -12.2372
60.4811 -12.2634
60.4777 -12.2896
60.4742 -12.3157
60.4708 -12.3419
60.4674 -12.368
60.4639 -12.3942
60.4605 -12.4204
60.457 -12.4465
60.4536 -12.4727
60.4502 -12.4989
60.4467 -12.525
60.4433 -12.5512
60.4398 -12.5773
60.4364 -12.6035
60.433 -12.6297
60.4295 -12.6558
60.4261 -12.682
60.4227 -12.7081
60.4192 -12.7343
60.4158 -12.7605
60.4123 -12.7866
60.4089 -12.8128
60.4055 -12.839
60.402 -12.8651
60.3986 -12.8913
60.3951 -12.9174
60.3917 -12.9436
60.3883 -12.9698
60.3848 -12.9959
60.3814 -13.0221
60.3779 -13.0482
60.3745 -13.0744
60.3711 -13.1006
60.3676 -13.1267
60.3642 -13.1529
60.3608 -13.1791
60.3573 -13.2052
60.3539 -13.2314
60.3504 -13.2575
60.347 -13.2837
60.3436 -13.3099
60.3401 -13.336
60.3367 -13.3622
60.3332 -13.3883
60.3298 -13.4145
60.3264 -13.4407
60.3229 -13.4668
60.3195 -13.493
60.316 -13.5192
60.3126 -13.5453
60.3092 -13.5715
60.3057 -13.5976
60.3023 -13.6238
60.2989 -13.65
60.2954 -13.6761
60.292 -13.7023
60.2885 -13.7284
60.2851 -13.7546
60.2817 -13.7808
60.2782 -13.8069
60.2748 -13.8331
60.2713 -13.8593
60.2679 -13.8854
60.2645 -13.9116
60.261 -13.9377
60.2576 -13.9639
60.2541 -13.9901
60.2507 -14.0162
60.2473 -14.0424
60.2438 -14.0685
60.2404 -14.0947
60.237 -14.1209
60.2335 -14.147
60.2301 -14.1732
60.2266 -14.1994
60.2232 -14.2255
60.2198 -14.2517
60.2163 -14.2778
60.2129 -14.304
60.2094 -14.3302
60.206 -14.3563
60.2026 -14.3825
60.1991 -14.4086
60.1957 -14.4348
60.1922 -14.461
60.1888 -14.4871
60.1854 -14.5133
60.1819 -14.5395
60.1785 -14.5656
60.1751 -14.5918
60.1716 -14.6179
60.1682 -14.6441
60.1647 -14.6703
60.1613 -14.6964
60.1579 -14.7226
60.1544 -14.7487
60.151 -14.7749
60.1475 -14.8011
60.1441 -14.8272
60.1407 -14.8534
60.1372 -14.8796
60.1338 -14.9057
60.1303 -14.9319
60.1269 -14.958
60.1235 -14.9842
60.12 -15.0104
60.1166 -15.0365
60.1131 -15.0627
60.1097 -15.0888
60.1063 -15.115
60.1028 -15.1412
60.0994 -15.1673
60.096 -15.1935
60.0925 -15.2197
60.0891 -15.2458
60.0856 -15.272
60.0822 -15.2981
60.0788 -15.3243
60.0753 -15.3505
60.0719 -15.3766
60.0684 -15.4028
60.065 -15.4289
60.0616 -15.4551
60.0581 -15.4813
60.0547 -15.5074
60.0512 -15.5336
60.0478 -15.5598
60.0444 -15.5859
60.0409 -15.6121
60.0375 -15.6382
60.0341 -15.6644
60.0306 -15.6906
60.0272 -15.7167
60.0237 -15.7429
60.0203 -15.769
60.0169 -15.7952
60.0134 -15.8214
60.01 -15.8475
60.0065 -15.8737
60.0031 -15.8999
59.9997 -15.926
59.9962 -15.9522
59.9928 -15.9783
59.9893 -16.0045
59.9859 -16.0307
59.9825 -16.0568
59.979 -16.083
59.9756 -16.1091
59.9722 -16.1353
59.9687 -16.1615
59.9653 -16.1876
59.9618 -16.2138
59.9584 -16.24
59.955 -16.2661
59.9515 -16.2923
59.9481 -16.3184
59.9446 -16.3446
59.9412 -16.3708
59.9378 -16.3969
59.9343 -16.4231
59.9309 -16.4492
59.9274 -16.4754
59.924 -16.5016
59.9206 -16.5277
59.9171 -16.5539
59.9137 -16.5801
59.9103 -16.6062
59.9068 -16.6324
59.9034 -16.6585
59.8999 -16.6847
59.8965 -16.7109
59.8931 -16.737
59.8896 -16.7632
59.8862 -16.7893
59.8827 -16.8155
59.8793 -16.8417
59.8759 -16.8678
59.8724 -16.894
59.869 -16.9202
59.8655 -16.9463
59.8621 -16.9725
59.8587 -16.9986
59.8552 -17.0248
59.8518 -17.051
59.8484 -17.0771
59.8449 -17.1033
59.8415 -17.1294
59.838 -17.1556
59.8346 -17.1818
59.8312 -17.2079
59.8277 -17.2341
59.8243 -17.2603
59.8208 -17.2864
59.8174 -17.3126
59.814 -17.3387
59.8105 -17.3649
59.8071 -17.3911
59.8036 -17.4172
59.8002 -17.4434
59.7968 -17.4695
59.7933 -17.4957
59.7899 -17.5219
59.7865 -17.548
59.783 -17.5742
59.7796 -17.6004
59.7761 -17.6265
59.7727 -17.6527
59.7693 -17.6788
59.7658 -17.705
59.7624 -17.7312
59.7589 -17.7573
59.7555 -17.7835
59.7521 -17.8096
59.7486 -17.8358
59.7452 -17.862
59.7417 -17.8881
59.7383 -17.9143
59.7349 -17.9405
59.7314 -17.9666
59.728 -17.9928
59.7245 -18.0189
59.7211 -18.0451
59.7177 -18.0713
59.7142 -18.0974
59.7108 -18.1236
59.7074 -18.1497
59.7039 -18.1759
59.7005 -18.2021
59.697 -18.2282
59.6936 -18.2544
59.6902 -18.2806
59.6867 -18.3067
59.6833 -18.3329
59.6798 -18.359
59.6764 -18.3852
59.673 -18.4114
59.6695 -18.4375
59.6661 -18.4637
59.6626 -18.4898
59.6592 -18.516
59.6558 -18.5422
59.6523 -18.5683
59.6489 -18.5945
59.6455 -18.6207
59.642 -18.6468
59.6386 -18.673
59.6351 -18.6991
59.6317 -18.7253
59.6283 -18.7515
59.6248 -18.7776
59.6214 -18.8038
59.6179 -18.8299
59.6145 -18.8561
59.6111 -18.8823
59.6076 -18.9084
59.6042 -18.9346
59.6007 -18.9608
59.5973 -18.9869
59.5939 -19.0131
59.5904 -19.0392
59.587 -19.0654
59.5836 -19.0916
59.5801 -19.1177
59.5767 -19.1439
59.5732 -19.17
59.5698 -19.1962
59.5664 -19.2224
59.5629 -19.2485
59.5595 -19.2747
59.556 -19.3009
59.5526 -19.327
59.5492 -19.3532
59.5457 -19.3793
59.5423 -19.4055
59.5388 -19.4317
59.5354 -19.4578
59.532 -19.484
59.5285 -19.5101
59.5251 -19.5363
59.5217 -19.5625
59.5182 -19.5886
59.5148 -19.6148
59.5113 -19.641
59.5079 -19.6671
59.5045 -19.6933
59.501 -19.7194
59.4976 -19.7456
59.4941 -19.7718
59.4907 -19.7979
59.4873 -19.8241
59.4838 -19.8502
59.4804 -19.8764
59.4769 -19.9026
59.4735 -19.9287
59.4701 -19.9549
59.4666 -19.9811
59.4632 -20.0072
59.4598 -20.0334
59.4563 -20.0595
59.4529 -20.0857
59.4494 -20.1119
59.446 -20.138
59.4426 -20.1642
59.4391 -20.1903
59.4357 -20.2165
59.4322 -20.2427
59.4288 -20.2688
59.4254 -20.295
59.4219 -20.3212
59.4185 -20.3473
59.415 -20.3735
59.4116 -20.3996
59.4082 -20.4258
59.4047 -20.452
59.4013 -20.4781
59.3979 -20.5043
59.3944 -20.5304
59.391 -20.5566
59.3875 -20.5828
59.3841 -20.6089
59.3807 -20.6351
59.3772 -20.6613
59.3738 -20.6874
59.3703 -20.7136
59.3669 -20.7397
59.3635 -20.7659
59.36 -20.7921
59.3566 -20.8182
59.3531 -20.8444
59.3497 -20.8705
59.3463 -20.8967
59.3428 -20.9229
59.3394 -20.949
59.3359 -20.9752
59.3325 -21.0014
59.3291 -21.0275
59.3256 -21.0537
59.3222 -21.0798
59.3188 -21.106
59.3153 -21.1322
59.3119 -21.1583
59.3084 -21.1845
59.305 -21.2106
59.3016 -21.2368
59.2981 -21.263
59.2947 -21.2891
59.2912 -21.3153
59.2878 -21.3415
59.2844 -21.3676
59.2809 -21.3938
59.2775 -21.4199
59.274 -21.4461
59.2706 -21.4723
59.2672 -21.4984
59.2637 -21.5246
59.2603 -21.5507
59.2569 -21.5769
59.2534 -21.6031
59.25 -21.6292
59.2465 -21.6554
59.2431 -21.6816
59.2397 -21.7077
59.2362 -21.7339
59.2328 -21.76
59.2293 -21.7862
59.2259 -21.8124
59.2225 -21.8385
59.219 -21.8647
59.2156 -21.8908
59.2121 -21.917
59.2087 -21.9432
59.2053 -21.9693
59.2018 -21.9955
59.1984 -22.0217
59.195 -22.0478
59.1915 -22.074
59.1881 -22.1001
59.1846 -22.1263
59.1812 -22.1525
59.1778 -22.1786
59.1743 -22.2048
59.1709 -22.2309
59.1674 -22.2571
59.164 -22.2833
59.1606 -22.3094
59.1571 -22.3356
59.1537 -22.3618
59.1502 -22.3879
59.1468 -22.4141
59.1434 -22.4402
59.1399 -22.4664
59.1365 -22.4926
59.1331 -22.5187
59.1296 -22.5449
59.1262 -22.571
59.1227 -22.5972
59.1193 -22.6234
59.1159 -22.6495
59.1124 -22.6757
59.109 -22.7019
59.1055 -22.728
59.1021 -22.7542
59.0987 -22.7803
59.0952 -22.8065
59.0918 -22.8327
59.0883 -22.8588
59.0849 -22.885
59.0815 -22.9111
59.078 -22.9373
59.0746 -22.9635
59.0712 -22.9896
59.0677 -23.0158
59.0643 -23.042
59.0608 -23.0681
59.0574 -23.0943
59.054 -23.1204
59.0505 -23.1466
59.0471 -23.1728
59.0436 -23.1989
59.0402 -23.2251
59.0368 -23.2512
59.0333 -23.2774
59.0299 -23.3036
59.0264 -23.3297
59.023 -23.3559
59.0196 -23.3821
59.0161 -23.4082
59.0127 -23.4344
59.0093 -23.4605
59.0058 -23.4867
59.0024 -23.5129
58.9989 -23.539
58.9955 -23.5652
58.9921 -23.5913
58.9886 -23.6175
58.9852 -23.6437
58.9817 -23.6698
58.9783 -23.696
58.9749 -23.7222
58.9714 -23.7483
58.968 -23.7745
58.9645 -23.8006
58.9611 -23.8268
58.9577 -23.853
58.9542 -23.8791
58.9508 -23.9053
58.9473 -23.9314
58.9439 -23.9576
58.9405 -23.9838
58.937 -24.0099
58.9336 -24.0361
58.9302 -24.0623
58.9267 -24.0884
58.9233 -24.1146
58.9198 -24.1407
58.9164 -24.1669
58.913 -24.1931
58.9095 -24.2192
58.9061 -24.2454
58.9026 -24.2715
58.8992 -24.2977
58.8958 -24.3239
58.8923 -24.35
58.8889 -24.3762
58.8854 -24.4024
58.882 -24.4285
58.8786 -24.4547
58.8751 -24.4808
58.8717 -24.507
58.8683 -24.5332
58.8648 -24.5593
58.8614 -24.5855
58.8579 -24.6116
58.8545 -24.6378
58.8511 -24.664
58.8476 -24.6901
58.8442 -24.7163
58.8407 -24.7425
58.8373 -24.7686
58.8339 -24.7948
58.8304 -24.8209
58.827 -24.8471
58.8235 -24.8733
58.8201 -24.8994
58.8167 -24.9256
58.8132 -24.9517
58.8098 -24.9779
58.8064 -25.0041
58.8029 -25.0302
58.7995 -25.0564
58.796 -25.0826
58.7926 -25.1087
58.7892 -25.1349
58.7857 -25.161
58.7823 -25.1872
58.7788 -25.2134
58.7754 -25.2395
58.772 -25.2657
58.7685 -25.2918
58.7651 -25.318
58.7616 -25.3442
58.7582 -25.3703
58.7548 -25.3965
58.7513 -25.4227
58.7479 -25.4488
58.7445 -25.475
58.741 -25.5011
58.7376 -25.5273
58.7341 -25.5535
58.7307 -25.5796
58.7273 -25.6058
58.7238 -25.6319
58.7204 -25.6581
58.7169 -25.6843
58.7135 -25.7104
58.7101 -25.7366
58.7066 -25.7628
58.7032 -25.7889
58.6997 -25.8151
58.6963 -25.8412
58.6929 -25.8674
58.6894 -25.8936
58.686 -25.9197
58.6826 -25.9459
58.6791 -25.972
58.6757 -25.9982
58.6722 -26.0244
58.6688 -26.0505
58.6654 -26.0767
58.6619 -26.1029
58.6585 -26.129
58.655 -26.1552
58.6516 -26.1813
58.6482 -26.2075
58.6447 -26.2337
58.6413 -26.2598
58.6378 -26.286
58.6344 -26.3121
58.631 -26.3383
58.6275 -26.3645
58.6241 -26.3906
58.6207 -26.4168
58.6172 -26.443
58.6138 -26.4691
58.6103 -26.4953
58.6069 -26.5214
58.6035 -26.5476
58.6 -26.5738
58.5966 -26.5999
58.5931 -26.6261
58.5897 -26.6522
58.5863 -26.6784
58.5828 -26.7046
58.5794 -26.7307
58.5759 -26.7569
58.5725 -26.7831
58.5691 -26.8092
58.5656 -26.8354
58.5622 -26.8615
58.5587 -26.8877
58.5553 -26.9139
58.5519 -26.94
58.5484 -26.9662
58.545 -26.9923
58.5416 -27.0185
58.5381 -27.0447
58.5347 -27.0708
58.5312 -27.097
58.5278 -27.1232
58.5244 -27.1493
58.5209 -27.1755
58.5175 -27.2016
58.514 -27.2278
58.5106 -27.254
58.5072 -27.2801
58.5037 -27.3063
58.5003 -27.3324
58.4968 -27.3586
58.4934 -27.3848
58.49 -27.4109
58.4865 -27.4371
58.4831 -27.4633
58.4797 -27.4894
58.4762 -27.5156
58.4728 -27.5417
58.4693 -27.5679
58.4659 -27.5941
58.4625 -27.6202
58.459 -27.6464
58.4556 -27.6725
58.4521 -27.6987
58.4487 -27.7249
58.4453 -27.751
58.4418 -27.7772
58.4384 -27.8034
58.4349 -27.8295
58.4315 -27.8557
58.4281 -27.8818
58.4246 -27.908
58.4212 -27.9342
58.4178 -27.9603
58.4143 -27.9865
58.4109 -28.0126
58.4074 -28.0388
58.404 -28.065
58.4006 -28.0911
58.3971 -28.1173
58.3937 -28.1435
58.3902 -28.1696
58.3868 -28.1958
58.3834 -28.2219
58.3799 -28.2481
58.3765 -28.2743
58.373 -28.3004
58.3696 -28.3266
58.3662 -28.3527
58.3627 -28.3789
58.3593 -28.4051
58.3559 -28.4312
58.3524 -28.4574
58.349 -28.4835
58.3455 -28.5097
58.3421 -28.5359
58.3387 -28.562
58.3352 -28.5882
58.3318 -28.6144
58.3283 -28.6405
58.3249 -28.6667
58.3215 -28.6928
58.318 -28.719
58.3146 -28.7452
58.3111 -28.7713
58.3077 -28.7975
58.3043 -28.8236
58.3008 -28.8498
58.2974 -28.876
58.294 -28.9021
58.2905 -28.9283
58.2871 -28.9545
58.2836 -28.9806
58.2802 -29.0068
58.2768 -29.0329
58.2733 -29.0591
58.2699 -29.0853
58.2664 -29.1114
58.263 -29.1376
58.2596 -29.1637
58.2561 -29.1899
58.2527 -29.2161
58.2492 -29.2422
58.2458 -29.2684
58.2424 -29.2946
58.2389 -29.3207
58.2355 -29.3469
58.2321 -29.373
58.2286 -29.3992
58.2252 -29.4254
58.2217 -29.4515
58.2183 -29.4777
58.2149 -29.5038
58.2114 -29.53
58.208 -29.5562
58.2045 -29.5823
58.2011 -29.6085
58.1977 -29.6347
58.1942 -29.6608
58.1908 -29.687
58.1873 -29.7131
58.1839 -29.7393
58.1805 -29.7655
58.177 -29.7916
58.1736 -29.8178
58.1701 -29.8439
58.1667 -29.8701
58.1633 -29.8963
58.1598 -29.9224
58.1564 -29.9486
58.153 -29.9748
58.1495 -30.0009
58.1461 -30.0271
58.1426 -30.0532
58.1392 -30.0794
58.1358 -30.1056
58.1323 -30.1317
58.1289 -30.1579
58.1254 -30.184
58.122 -30.2102
58.1186 -30.2364
58.1151 -30.2625
58.1117 -30.2887
58.1082 -30.3149
58.1048 -30.341
58.1014 -30.3672
58.0979 -30.3933
58.0945 -30.4195
58.0911 -30.4457
58.0876 -30.4718
58.0842 -30.498
58.0807 -30.5241
58.0773 -30.5503
58.0739 -30.5765
58.0704 -30.6026
58.067 -30.6288
58.0635 -30.655
58.0601 -30.6811
58.0567 -30.7073
58.0532 -30.7334
58.0498 -30.7596
58.0463 -30.7858
58.0429 -30.8119
58.0395 -30.8381
58.036 -30.8642
58.0326 -30.8904
58.0292 -30.9166
58.0257 -30.9427
58.0223 -30.9689
58.0188 -30.9951
58.0154 -31.0212
58.012 -31.0474
58.0085 -31.0735
58.0051 -31.0997
58.0016 -31.1259
57.9982 -31.152
57.9948 -31.1782
57.9913 -31.2043
57.9879 -31.2305
57.9844 -31.2567
57.981 -31.2828
57.9776 -31.309
57.9741 -31.3352
57.9707 -31.3613
57.9673 -31.3875
57.9638 -31.4136
57.9604 -31.4398
