210577
240
312791
80318
87101
23742
7840
9982
14564
23742
316154
30502
376581
24123
244786
157336
559
302401
9738
38985
10882
8916
4935
4935
244786
244786
244786
106646
400928
9762
2275
302
9549
9806
24
26550
290595
296
68721
166426
76492
10198
292280
13823
162
9693
24038
212
8409
4922
1927
205596
15
2502
140607
17578
15764
31908
166426
75802
135397
246655
11023
10117
150689
49051
578
578
49529
131634
923
744
283366
98548
590
364
2055
6114
12444
9654
378236
15512
28468
923
47933
9982
22175
13596
70981
440597
353070
2503
28468
1572
310
36586
127585
296
73
346
11449
302401
270946
49026
225574
76492
244786
345920
429662
49040
324849
1368
218
188927
102382
399019
11324
19494
76492
950
24038
341013
8326
8273
710
926
1572
10592
8009
100042
654
92060
440597
14623
240832
1892
2323
348893
103
393
49026
166426
879
288
271718
49948
1892
1623
168259
397422
136835
2501
1018
62177
244316
313369
58595
416477
1124
181283
11636
321612
955
49051
1124
169917
56292
13818
8363
150540
330459
953
20504
93456
345938
321258
10694
153158
280
203801
1808
11371
193893
809
258509
60405
244316
603
106646
75656
353491
34584
2649
89
81870
22175
48138
857
68730
404733
286873
197
62764
13486
408647
