40096
109445
8587
807
152532
334543
101
22
49051
257211
1368
286217
150540
627
76203
150540
2503
77
11202
194662
10674
2502
616
4922
14836
18
324849
271110
11031
10191
11321
11202
6977
312221
1422
4348
10331
429
10674
77
627
640
78
297761
262504
15764
316154
4244
49529
123553
89008
13279
8067
8834
605
273248
11893
19
86828
314095
44912
9012
45317
285
1771
949
7485
131634
8326
671
928
13564
360606
188222
862
415214
19
253279
397422
13813
20766
10972
567
9433
34584
2062
136799
43074
118
8587
76203
9543
595
607
22803
10020
269173
11893
5528
297762
876
45317
11636
122081
16869
8840
13596
794
19959
282035
1439
425
62764
238615
400928
9479
158852
238615
39254
602
794
188222
15765
412202
298312
140823
76757
339964
146
606
13818
602
345922
10020
89
767
16985
10386
8326
672
184
207932
281338
12444
426
36763
141052
2832
339846
5255
1648
606
923
20766
382591
378064
11866
228194
956
2062
14564
