10674
627
297762
244786
278
2503
329865
807
253312
11296
74725
38810
2323
13813
871
10437
13
13
6537
6537
334524
334524
334524
133121
203835
11360
13446
262500
11449
260514
8840
1391
27205
923
49018
12444
6114
197
17578
16869
157350
116149
364
393519
198663
106646
22175
245891
9598
23483
29963
198663
40096
155
85
225574
291870
9950
415
296
75174
382591
1632
10679
19
11636
50619
9487
767
27578
415214
147441
228967
267935
316154
54138
3175
7485
539
608
680
13405
193893
296
203833
1808
8409
8409
8271
15512
9208
76203
217923
13823
76203
58574
2055
241258
20766
20766
335
2649
807
5925
8067
14161
9012
128216
128216
845
587
9902
2055
9487
238
168259
411
601
109491
607
72190
